001450037 469 
001450043 371 
001450049 421 
001450051 798 
001450063 352 
001450070 473 
001450083 479 
001450090 531 
001450094 646 
001450098 583 
001450109 614 
001450116 1016 
001450140 366 
001450142 212 
001450146 283 
001450159 509 
001450170 444 
001450171 522 
001450172 407 
001450173 205 
004820005 346 
004820015 435 
004820041 491 
004820045 217 
004820055 330 
004820114 469 
004820119 349 
004820144 357 
004820201 409 
004820214 314 
004820220 253 
004820239 313 
004820258 332 
004820265 388 
004820268 358 
004820329 335 
004820353 445 
004820370 370 
004820371 359 
004820378 436 
005600015 411 
005600060 366 
005600065 406 
005600129 567 
005600145 248 
005600146 294 
005600153 281 
005600154 603 
005600180 297 
005600199 319 
005600205 544 
005600212 468 
005600214 365 
005600268 380 
005600294 254 
005600296 383 
005600298 343 
005600318 461 
005600365 334 
005600370 473 
005750059 453 
005750067 389 
005750089 466 
005750099 454 
005750150 351 
005750168 290 
005750178 274 
005750179 312 
005750237 322 
005750249 340 
005750268 319 
005750270 397 
005750290 249 
005750297 366 
005750298 287 
005750300 335 
005750303 302 
005750321 275 
005750330 434 
005750347 398 
005940019 457 
005940025 357 
005940141 325 
005940142 280 
005940164 450 
005940174 558 
005940193 358 
005940195 234 
005940234 287 
005940237 386 
005940238 392 
005940252 402 
005940263 497 
005940267 414 
005940271 356 
005940283 316 
005940304 257 
005940318 360 
005940373 477 
005940380 599 
