001450037 4.71 
001450043 3.73 
001450049 4.23 
001450051 7.998 
001450063 3.54 
001450070 4.751 
001450083 4.81 
001450090 5.33 
001450094 6.48 
001450098 5.85 
001450109 6.16 
001450116 10.18 
001450140 3.68 
001450142 2.138 
001450146 2.85 
001450159 5.11 
001450170 4.46 
001450171 5.24 
001450172 4.09 
001450173 2.07 
004820005 3.484 
004820015 4.37 
004820041 4.928 
004820045 2.19 
004820055 3.32 
004820114 4.709 
004820119 3.507 
004820144 3.586 
004820201 4.106 
004820214 3.158 
004820220 2.552 
004820239 3.15 
004820258 3.335 
004820265 3.9 
004820268 3.6 
004820329 3.37 
004820353 4.47 
004820370 3.72 
004820371 3.61 
004820378 4.38 
005600015 4.127 
005600060 3.68 
005600065 4.084 
005600129 5.69 
005600145 2.5 
005600146 2.958 
005600153 2.825 
005600154 6.048 
005600180 2.987 
005600199 3.208 
005600205 5.46 
005600212 4.703 
005600214 3.672 
005600268 3.818 
005600294 2.563 
005600296 3.85 
005600298 3.453 
005600318 4.626 
005600365 3.364 
005600370 4.747 
005750059 4.55 
005750067 3.91 
005750089 4.68 
005750099 4.56 
005750150 3.53 
005750168 2.917 
005750178 2.76 
005750179 3.14 
005750237 3.24 
005750249 3.42 
005750268 3.21 
005750270 3.99 
005750290 2.51 
005750297 3.68 
005750298 2.89 
005750300 3.37 
005750303 3.04 
005750321 2.773 
005750330 4.36 
005750347 4 
005940019 4.591 
005940025 3.594 
005940141 3.27 
005940142 2.82 
005940164 4.52 
005940174 5.601 
005940193 3.602 
005940195 2.362 
005940234 2.885 
005940237 3.884 
005940238 3.941 
005940252 4.04 
005940263 4.99 
005940267 4.162 
005940271 3.58 
005940283 3.18 
005940304 2.59 
005940318 3.623 
005940373 4.79 
005940380 6.013 
