001450037 0145
001450043 0145
001450049 0145
001450051 0145
001450063 0145
001450070 0145
001450083 0145
001450090 0145
001450094 0145
001450098 0145
001450109 0145
001450116 0145
001450140 0145
001450142 0145
001450146 0145
001450159 0145
001450170 0145
001450171 0145
001450172 0145
001450173 0145
004820005 0482
004820015 0482
004820041 0482
004820045 0482
004820055 0482
004820114 0482
004820119 0482
004820144 0482
004820201 0482
004820214 0482
004820220 0482
004820239 0482
004820258 0482
004820265 0482
004820268 0482
004820329 0482
004820353 0482
004820370 0482
004820371 0482
004820378 0482
005600015 0560
005600060 0560
005600065 0560
005600129 0560
005600145 0560
005600146 0560
005600153 0560
005600154 0560
005600180 0560
005600199 0560
005600205 0560
005600212 0560
005600214 0560
005600268 0560
005600294 0560
005600296 0560
005600298 0560
005600318 0560
005600365 0560
005600370 0560
005750059 0575
005750067 0575
005750089 0575
005750099 0575
005750150 0575
005750168 0575
005750178 0575
005750179 0575
005750237 0575
005750249 0575
005750268 0575
005750270 0575
005750290 0575
005750297 0575
005750298 0575
005750300 0575
005750303 0575
005750321 0575
005750330 0575
005750347 0575
005940019 0594
005940025 0594
005940141 0594
005940142 0594
005940164 0594
005940174 0594
005940193 0594
005940195 0594
005940234 0594
005940237 0594
005940238 0594
005940252 0594
005940263 0594
005940267 0594
005940271 0594
005940283 0594
005940304 0594
005940318 0594
005940373 0594
005940380 0594
