026210005 2621
026210047 2621
026210096 2621
026210123 2621
026210132 2621
026210135 2621
026210136 2621
026210141 2621
026210157 2621
026210177 2621
026210185 2621
026210203 2621
026210213 2621
026210220 2621
026210231 2621
026210242 2621
026210262 2621
026210287 2621
026210299 2621
026210302 2621
027990028 2799
027990046 2799
027990056 2799
027990059 2799
027990066 2799
027990153 2799
027990156 2799
027990160 2799
027990162 2799
027990167 2799
027990201 2799
027990232 2799
027990242 2799
027990247 2799
027990264 2799
027990309 2799
027990328 2799
027990330 2799
027990341 2799
027990358 2799
029810020 2981
029810027 2981
029810135 2981
029810139 2981
029810147 2981
029810158 2981
029810200 2981
029810204 2981
029810216 2981
029810221 2981
029810234 2981
029810235 2981
029810243 2981
029810283 2981
029810294 2981
029810301 2981
029810315 2981
029810349 2981
029810350 2981
029810360 2981
030020008 3002
030020012 3002
030020022 3002
030020047 3002
030020048 3002
030020065 3002
030020077 3002
030020092 3002
030020100 3002
030020112 3002
030020117 3002
030020126 3002
030020136 3002
030020138 3002
030020144 3002
030020152 3002
030020159 3002
030020161 3002
030020162 3002
030020172 3002
030200005 3020
030200011 3020
030200016 3020
030200018 3020
030200019 3020
030200021 3020
030200037 3020
030200041 3020
030200049 3020
030200057 3020
030200076 3020
030200078 3020
030200087 3020
030200101 3020
030200105 3020
030200108 3020
030200137 3020
030200151 3020
030200153 3020
030200164 3020
