026210005 3.196 
026210047 3.88 
026210096 2.95 
026210123 3.429 
026210132 3.357 
026210135 2.931 
026210136 2.813 
026210141 3.111 
026210157 3.834 
026210177 3.491 
026210185 3.349 
026210203 3.076 
026210213 2.701 
026210220 3.554 
026210231 2.782 
026210242 3.134 
026210262 2.988 
026210287 3.285 
026210299 3.094 
026210302 2.324 
027990028 4.19 
027990046 2.542 
027990056 3.61 
027990059 2.866 
027990066 3.072 
027990153 2.32 
027990156 3.53 
027990160 2.89 
027990162 3.49 
027990167 3.32 
027990201 3.426 
027990232 2.909 
027990242 2.474 
027990247 3.47 
027990264 3.229 
027990309 2.367 
027990328 3.381 
027990330 3.25 
027990341 3.14 
027990358 3.379 
029810020 2.695 
029810027 4.122 
029810135 2.74 
029810139 2.91 
029810147 2.34 
029810158 2.466 
029810200 2.81 
029810204 2.72 
029810216 2.3 
029810221 3.03 
029810234 3.62 
029810235 4.45 
029810243 3.333 
029810283 2.43 
029810294 3.96 
029810301 2.56 
029810315 2.9 
029810349 3.84 
029810350 4.22 
029810360 2.477 
030020008 2.67 
030020012 3.94 
030020022 2.44 
030020047 2.56 
030020048 4.354 
030020065 2.63 
030020077 2.662 
030020092 3.19 
030020100 4.35 
030020112 1.94 
030020117 2.65 
030020126 4.293 
030020136 2.86 
030020138 2.166 
030020144 3 
030020152 2.47 
030020159 3.05 
030020161 3.11 
030020162 3.54 
030020172 2.71 
030200005 4.777 
030200011 2.93 
030200016 2.07 
030200018 2.31 
030200019 2.71 
030200021 5 
030200037 3.62 
030200041 2.01 
030200049 2.51 
030200057 2.5 
030200076 2.366 
030200078 4.703 
030200087 2.89 
030200101 4.156 
030200105 2.64 
030200108 3.16 
030200137 3.341 
030200151 2.42 
030200153 4.41 
030200164 3.74 
