026210005 318 
026210047 386 
026210096 293 
026210123 341 
026210132 334 
026210135 291 
026210136 279 
026210141 309 
026210157 381 
026210177 347 
026210185 333 
026210203 306 
026210213 268 
026210220 353 
026210231 276 
026210242 311 
026210262 297 
026210287 327 
026210299 307 
026210302 230 
027990028 417 
027990046 252 
027990056 359 
027990059 285 
027990066 305 
027990153 230 
027990156 351 
027990160 287 
027990162 347 
027990167 330 
027990201 341 
027990232 289 
027990242 245 
027990247 345 
027990264 321 
027990309 235 
027990328 336 
027990330 323 
027990341 312 
027990358 336 
029810020 268 
029810027 410 
029810135 272 
029810139 289 
029810147 232 
029810158 245 
029810200 279 
029810204 270 
029810216 228 
029810221 301 
029810234 360 
029810235 443 
029810243 331 
029810283 241 
029810294 394 
029810301 254 
029810315 288 
029810349 382 
029810350 420 
029810360 246 
030020008 265 
030020012 392 
030020022 242 
030020047 254 
030020048 433 
030020065 261 
030020077 264 
030020092 317 
030020100 433 
030020112 192 
030020117 263 
030020126 427 
030020136 284 
030020138 215 
030020144 298 
030020152 245 
030020159 303 
030020161 309 
030020162 352 
030020172 269 
030200005 476 
030200011 291 
030200016 205 
030200018 229 
030200019 269 
030200021 498 
030200037 360 
030200041 199 
030200049 249 
030200057 248 
030200076 235 
030200078 468 
030200087 287 
030200101 414 
030200105 262 
030200108 314 
030200137 332 
030200151 240 
030200153 439 
030200164 372 
