038370004 4.32 
038370013 3.52 
038370019 3.541 
038370045 4.44 
038370052 3.38 
038370056 3.71 
038370060 2.61 
038370061 3.16 
038370068 4.03 
038370070 3.58 
038370081 3.09 
038370097 2.5 
038370105 2.55 
038370107 3 
038370128 3.4 
038370142 3.83 
038370153 6.5 
038370160 2.58 
038370167 4.31 
038370170 3.42 
040050015 3.481 
040050041 4.873 
040050060 3.644 
040050071 2.846 
040050094 2.981 
040050107 3.31 
040050110 2.595 
040050125 3.072 
040050142 3.104 
040050180 4.13 
040050183 2.522 
040050203 2.596 
040050205 3.127 
040050255 2.601 
040050264 2.543 
040050271 2.704 
040050281 3.103 
040050295 2.666 
040050306 2.777 
040050358 3.337 
051950005 3.16 
051950011 3.25 
051950018 4.07 
051950025 2.84 
051950032 2.78 
051950033 4.96 
051950038 3.25 
051950044 2.56 
051950050 3.11 
051950051 2.73 
051950067 3.89 
051950075 3.53 
051950086 3.06 
051950088 2.53 
051950096 3.22 
051950138 2.89 
051950154 3 
051950163 2.57 
051950164 3.24 
051950170 5.37 
052180017 2.52 
052180027 2.22 
052180028 3.16 
052180037 2.65 
052180041 3.33 
052180042 3.26 
052180046 2.04 
052180068 2.47 
052180084 2.17 
052180090 1.9 
052180093 3.47 
052180098 2.96 
052180104 4.1 
052180112 4.28 
052180117 2.52 
052180124 3.73 
052180137 3.24 
052180143 3.6 
052180146 2.83 
052180160 3.36 
054010004 5.23 
054010009 4.24 
054010014 2.856 
054010032 2.85 
054010046 3.72 
054010051 3.605 
054010055 2.937 
054010061 3 
054010072 3.09 
054010079 6.606 
054010091 3.31 
054010095 3.865 
054010105 3.422 
054010107 4.36 
054010123 3.702 
054010130 2.778 
054010136 4.895 
054010148 2.695 
054010155 2.55 
054010165 3.854 
