038370004 430 
038370013 350 
038370019 352 
038370045 442 
038370052 336 
038370056 369 
038370060 259 
038370061 314 
038370068 401 
038370070 356 
038370081 307 
038370097 248 
038370105 253 
038370107 298 
038370128 338 
038370142 381 
038370153 648 
038370160 256 
038370167 429 
038370170 340 
040050015 346 
040050041 485 
040050060 362 
040050071 283 
040050094 296 
040050107 329 
040050110 258 
040050125 305 
040050142 308 
040050180 411 
040050183 250 
040050203 258 
040050205 311 
040050255 258 
040050264 252 
040050271 268 
040050281 308 
040050295 265 
040050306 276 
040050358 332 
051950005 314 
051950011 323 
051950018 405 
051950025 282 
051950032 276 
051950033 494 
051950038 323 
051950044 254 
051950050 309 
051950051 271 
051950067 387 
051950075 351 
051950086 304 
051950088 251 
051950096 320 
051950138 287 
051950154 298 
051950163 255 
051950164 322 
051950170 535 
052180017 250 
052180027 220 
052180028 314 
052180037 263 
052180041 331 
052180042 324 
052180046 202 
052180068 245 
052180084 215 
052180090 188 
052180093 345 
052180098 294 
052180104 408 
052180112 426 
052180117 250 
052180124 371 
052180137 322 
052180143 358 
052180146 281 
052180160 334 
054010004 521 
054010009 422 
054010014 284 
054010032 283 
054010046 370 
054010051 359 
054010055 292 
054010061 298 
054010072 307 
054010079 659 
054010091 329 
054010095 385 
054010105 340 
054010107 434 
054010123 368 
054010130 276 
054010136 488 
054010148 268 
054010155 253 
054010165 383 
