038370004 3837
038370013 3837
038370019 3837
038370045 3837
038370052 3837
038370056 3837
038370060 3837
038370061 3837
038370068 3837
038370070 3837
038370081 3837
038370097 3837
038370105 3837
038370107 3837
038370128 3837
038370142 3837
038370153 3837
038370160 3837
038370167 3837
038370170 3837
040050015 4005
040050041 4005
040050060 4005
040050071 4005
040050094 4005
040050107 4005
040050110 4005
040050125 4005
040050142 4005
040050180 4005
040050183 4005
040050203 4005
040050205 4005
040050255 4005
040050264 4005
040050271 4005
040050281 4005
040050295 4005
040050306 4005
040050358 4005
051950005 5195
051950011 5195
051950018 5195
051950025 5195
051950032 5195
051950033 5195
051950038 5195
051950044 5195
051950050 5195
051950051 5195
051950067 5195
051950075 5195
051950086 5195
051950088 5195
051950096 5195
051950138 5195
051950154 5195
051950163 5195
051950164 5195
051950170 5195
052180017 5218
052180027 5218
052180028 5218
052180037 5218
052180041 5218
052180042 5218
052180046 5218
052180068 5218
052180084 5218
052180090 5218
052180093 5218
052180098 5218
052180104 5218
052180112 5218
052180117 5218
052180124 5218
052180137 5218
052180143 5218
052180146 5218
052180160 5218
054010004 5401
054010009 5401
054010014 5401
054010032 5401
054010046 5401
054010051 5401
054010055 5401
054010061 5401
054010072 5401
054010079 5401
054010091 5401
054010095 5401
054010105 5401
054010107 5401
054010123 5401
054010130 5401
054010136 5401
054010148 5401
054010155 5401
054010165 5401
