096390001 2.872 
096390002 3.965 
096390003 2.588 
096390004 3.098 
096390005 3.915 
096390006 3.018 
096390007 3.256 
096390008 3.761 
096390009 2.862 
096390010 5.321 
096390011 2.425 
096390012 3.325 
096390013 4.126 
096390014 3.06 
096390015 3.27 
096390016 4.227 
096390017 3.947 
096390018 4.224 
096390019 3.032 
096390020 4.746 
096430002 5.7 
096430003 7.647 
096430004 8.988 
096430005 11.194 
096430006 13.119 
096430007 10.078 
096430008 9.556 
096430009 6.066 
096430010 9.481 
096430011 10.135 
096430012 7.629 
096430013 10.626 
096430014 8.021 
096430015 9.55 
096430016 8.869 
096430017 10.726 
096430018 8.086 
096430019 8.468 
096430020 9.158 
096430021 6.77 
096450001 3.28 
096450002 5.085 
096450003 7.51 
096450004 3.402 
096450005 6.134 
096450006 4.639 
096450007 5.775 
096450008 3.659 
096450010 6.654 
096450011 6.938 
096450012 5.48 
096450013 7.227 
096450014 7.432 
096450015 3.681 
096450016 6.75 
096450017 4.838 
096450018 4.214 
096450019 6.158 
096450020 7.017 
096450021 4.46 
096460002 7.432 
096460003 8.086 
096460004 6.432 
096460005 7.698 
096460006 10.343 
096460007 4.602 
096460008 4.176 
096460009 4.503 
096460010 2.589 
096460011 5.023 
096460012 6.07 
096460013 4.025 
096460014 5.18 
096460015 2.902 
096460016 5.013 
096460017 3.735 
096460018 2.889 
096460019 3.372 
096460020 4.941 
096460021 3.448 
096490001 6.402 
096490002 8.778 
096490003 7.438 
096490004 7.101 
096490005 10.015 
096490006 4.498 
096490007 8.14 
096490008 6.05 
096490009 6.098 
096490010 4.439 
096490011 7.843 
096490012 4.859 
096490013 3.939 
096490014 5.276 
096490015 5.841 
096490016 5.96 
096490017 3.778 
096490018 3.267 
096490019 4.652 
096490020 3.965 
