096390001 285 
096390002 395 
096390003 257 
096390004 308 
096390005 390 
096390006 300 
096390007 324 
096390008 374 
096390009 284 
096390010 530 
096390011 241 
096390012 331 
096390013 411 
096390014 304 
096390015 325 
096390016 421 
096390017 393 
096390018 420 
096390019 301 
096390020 473 
096430002 568 
096430003 763 
096430004 897 
096430005 1117 
096430006 1310 
096430007 1006 
096430008 954 
096430009 605 
096430010 946 
096430011 1012 
096430012 761 
096430013 1061 
096430014 800 
096430015 953 
096430016 885 
096430017 1071 
096430018 807 
096430019 845 
096430020 914 
096430021 675 
096450001 326 
096450002 507 
096450003 749 
096450004 338 
096450005 611 
096450006 462 
096450007 576 
096450008 364 
096450010 663 
096450011 692 
096450012 546 
096450013 721 
096450014 741 
096450015 366 
096450016 673 
096450017 482 
096450018 419 
096450019 614 
096450020 700 
096450021 444 
096460002 741 
096460003 807 
096460004 641 
096460005 768 
096460006 1032 
096460007 458 
096460008 416 
096460009 448 
096460010 257 
096460011 500 
096460012 605 
096460013 401 
096460014 516 
096460015 288 
096460016 499 
096460017 372 
096460018 287 
096460019 335 
096460020 492 
096460021 343 
096490001 638 
096490002 876 
096490003 742 
096490004 708 
096490005 1000 
096490006 448 
096490007 812 
096490008 603 
096490009 608 
096490010 442 
096490011 782 
096490012 484 
096490013 392 
096490014 526 
096490015 582 
096490016 594 
096490017 376 
096490018 325 
096490019 463 
096490020 395 
