096390001 9639
096390002 9639
096390003 9639
096390004 9639
096390005 9639
096390006 9639
096390007 9639
096390008 9639
096390009 9639
096390010 9639
096390011 9639
096390012 9639
096390013 9639
096390014 9639
096390015 9639
096390016 9639
096390017 9639
096390018 9639
096390019 9639
096390020 9639
096430002 9643
096430003 9643
096430004 9643
096430005 9643
096430006 9643
096430007 9643
096430008 9643
096430009 9643
096430010 9643
096430011 9643
096430012 9643
096430013 9643
096430014 9643
096430015 9643
096430016 9643
096430017 9643
096430018 9643
096430019 9643
096430020 9643
096430021 9643
096450001 9645
096450002 9645
096450003 9645
096450004 9645
096450005 9645
096450006 9645
096450007 9645
096450008 9645
096450010 9645
096450011 9645
096450012 9645
096450013 9645
096450014 9645
096450015 9645
096450016 9645
096450017 9645
096450018 9645
096450019 9645
096450020 9645
096450021 9645
096460002 9646
096460003 9646
096460004 9646
096460005 9646
096460006 9646
096460007 9646
096460008 9646
096460009 9646
096460010 9646
096460011 9646
096460012 9646
096460013 9646
096460014 9646
096460015 9646
096460016 9646
096460017 9646
096460018 9646
096460019 9646
096460020 9646
096460021 9646
096490001 9649
096490002 9649
096490003 9649
096490004 9649
096490005 9649
096490006 9649
096490007 9649
096490008 9649
096490009 9649
096490010 9649
096490011 9649
096490012 9649
096490013 9649
096490014 9649
096490015 9649
096490016 9649
096490017 9649
096490018 9649
096490019 9649
096490020 9649
