014190006 3.31 
014190025 5.594 
014190027 3.81 
014190030 3.03 
014190055 3.63 
014190059 3.551 
014190060 3.071 
014190062 2.97 
014190064 4.039 
014190071 2.16 
014190073 3.86 
014190081 3.11 
014190088 3.47 
014190095 3.48 
014190098 3.38 
014190107 4.33 
014190108 4.61 
014190114 3.04 
014190128 2.98 
014190172 2.666 
014350004 4.287 
014350012 3.525 
014350016 3.94 
014350017 4.49 
014350018 3.45 
014350020 3.235 
014350022 3.01 
014350028 2.915 
014350085 4.89 
014350094 3.532 
014350103 3.16 
014350110 3.15 
014350127 3.059 
014350133 4.195 
014350146 5.76 
014350153 2.633 
014350157 1.84 
014350158 2.294 
014350163 1.94 
014350165 3.47 
014390008 4.75 
014390009 5.41 
014390045 3.83 
014390051 5.698 
014390052 6.333 
014390057 4.61 
014390064 4.41 
014390068 5.53 
014390076 5.33 
014390086 5.73 
014390090 3.7 
014390117 5.93 
014390124 5.58 
014390133 5.6 
014390134 5.86 
014390135 8.65 
014390143 5.03 
014390154 5.38 
014390156 5.84 
014390163 4.86 
014470007 4.31 
014470017 3.37 
014470026 3.44 
014470028 3.549 
014470031 2.74 
014470038 4.38 
014470039 3.37 
014470048 2.89 
014470053 2.97 
014470060 2.35 
014470063 3.73 
014470072 3.35 
014470084 4.53 
014470100 3.4 
014470109 4.34 
014470124 3.08 
014470140 7.45 
014470141 5.76 
014470149 3.01 
014470150 3.18 
020220021 5.068 
020220023 4.444 
020220033 4.068 
020220048 2.772 
020220056 3.097 
020220060 2.646 
020220072 3.082 
020220091 3.622 
020220120 3.046 
020220122 2.538 
020220139 3.109 
020220141 2.515 
020220176 3.213 
020220200 3.504 
020220221 2.684 
020220232 2.618 
020220259 2.703 
020220264 3.14 
020220295 2.997 
020220366 2.765 
