014190006 1419
014190025 1419
014190027 1419
014190030 1419
014190055 1419
014190059 1419
014190060 1419
014190062 1419
014190064 1419
014190071 1419
014190073 1419
014190081 1419
014190088 1419
014190095 1419
014190098 1419
014190107 1419
014190108 1419
014190114 1419
014190128 1419
014190172 1419
014350004 1435
014350012 1435
014350016 1435
014350017 1435
014350018 1435
014350020 1435
014350022 1435
014350028 1435
014350085 1435
014350094 1435
014350103 1435
014350110 1435
014350127 1435
014350133 1435
014350146 1435
014350153 1435
014350157 1435
014350158 1435
014350163 1435
014350165 1435
014390008 1439
014390009 1439
014390045 1439
014390051 1439
014390052 1439
014390057 1439
014390064 1439
014390068 1439
014390076 1439
014390086 1439
014390090 1439
014390117 1439
014390124 1439
014390133 1439
014390134 1439
014390135 1439
014390143 1439
014390154 1439
014390156 1439
014390163 1439
014470007 1447
014470017 1447
014470026 1447
014470028 1447
014470031 1447
014470038 1447
014470039 1447
014470048 1447
014470053 1447
014470060 1447
014470063 1447
014470072 1447
014470084 1447
014470100 1447
014470109 1447
014470124 1447
014470140 1447
014470141 1447
014470149 1447
014470150 1447
020220021 2022
020220023 2022
020220033 2022
020220048 2022
020220056 2022
020220060 2022
020220072 2022
020220091 2022
020220120 2022
020220122 2022
020220139 2022
020220141 2022
020220176 2022
020220200 2022
020220221 2022
020220232 2022
020220259 2022
020220264 2022
020220295 2022
020220366 2022
