014190006 329 
014190025 557 
014190027 379 
014190030 301 
014190055 361 
014190059 353 
014190060 305 
014190062 295 
014190064 402 
014190071 214 
014190073 384 
014190081 309 
014190088 345 
014190095 346 
014190098 336 
014190107 431 
014190108 459 
014190114 302 
014190128 296 
014190172 265 
014350004 427 
014350012 351 
014350016 392 
014350017 447 
014350018 343 
014350020 322 
014350022 299 
014350028 290 
014350085 487 
014350094 351 
014350103 314 
014350110 313 
014350127 304 
014350133 418 
014350146 574 
014350153 261 
014350157 182 
014350158 227 
014350163 192 
014350165 345 
014390008 473 
014390009 539 
014390045 381 
014390051 568 
014390052 631 
014390057 459 
014390064 439 
014390068 551 
014390076 531 
014390086 571 
014390090 368 
014390117 591 
014390124 556 
014390133 558 
014390134 584 
014390135 863 
014390143 501 
014390154 536 
014390156 582 
014390163 484 
014470007 429 
014470017 335 
014470026 342 
014470028 353 
014470031 272 
014470038 436 
014470039 335 
014470048 287 
014470053 295 
014470060 233 
014470063 371 
014470072 333 
014470084 451 
014470100 338 
014470109 432 
014470124 306 
014470140 743 
014470141 574 
014470149 299 
014470150 316 
020220021 505 
020220023 442 
020220033 405 
020220048 275 
020220056 308 
020220060 263 
020220072 306 
020220091 360 
020220120 303 
020220122 252 
020220139 309 
020220141 250 
020220176 319 
020220200 348 
020220221 266 
020220232 260 
020220259 268 
020220264 312 
020220295 298 
020220366 275 
