096240001 313 
096240002 482 
096240003 442 
096240004 432 
096240005 634 
096240006 728 
096240007 1128 
096240008 379 
096240009 552 
096240010 535 
096240011 415 
096240012 822 
096240013 335 
096240014 711 
096240015 832 
096240016 274 
096240017 587 
096240019 578 
096240020 327 
096240021 787 
096250001 382 
096250002 729 
096250003 392 
096250004 315 
096250005 488 
096250007 445 
096250008 354 
096250009 442 
096250010 461 
096250011 499 
096250012 495 
096250013 482 
096250014 658 
096250015 357 
096250016 470 
096250017 451 
096250018 508 
096250020 720 
096250021 743 
096250023 342 
096280011 706 
096280012 502 
096280013 997 
096280014 846 
096280015 864 
096280016 581 
096280017 868 
096280018 730 
096280019 508 
096280020 1004 
096280021 578 
096280022 1176 
096280023 888 
096280024 1070 
096280025 671 
096280026 493 
096280027 471 
096280028 600 
096280029 550 
096280030 611 
096300001 400 
096300002 300 
096300003 411 
096300004 521 
096300005 380 
096300006 455 
096300007 387 
096300008 504 
096300009 320 
096300010 381 
096300011 326 
096300012 536 
096300013 516 
096300014 332 
096300015 368 
096300016 618 
096300017 404 
096300018 328 
096300019 342 
096300020 367 
096340004 703 
096340005 831 
096340006 629 
096340007 558 
096340008 726 
096340009 644 
096340010 656 
096340011 719 
096340012 1021 
096340013 518 
096340014 769 
096340015 695 
096340016 698 
096340017 1091 
096340018 876 
096340019 945 
096340020 1161 
096340021 787 
096340022 937 
096340023 772 
