096240001 3.15 
096240002 4.84 
096240003 4.444 
096240004 4.342 
096240005 6.363 
096240006 7.304 
096240007 11.3 
096240008 3.81 
096240009 5.538 
096240010 5.366 
096240011 4.173 
096240012 8.236 
096240013 3.373 
096240014 7.13 
096240015 8.34 
096240016 2.76 
096240017 5.893 
096240019 5.801 
096240020 3.29 
096240021 7.89 
096250001 3.838 
096250002 7.308 
096250003 3.94 
096250004 3.17 
096250005 4.9 
096250007 4.471 
096250008 3.555 
096250009 4.441 
096250010 4.628 
096250011 5.011 
096250012 4.966 
096250013 4.835 
096250014 6.603 
096250015 3.594 
096250016 4.721 
096250017 4.531 
096250018 5.1 
096250020 7.215 
096250021 7.448 
096250023 3.435 
096280011 7.082 
096280012 5.04 
096280013 9.987 
096280014 8.481 
096280015 8.661 
096280016 5.83 
096280017 8.701 
096280018 7.32 
096280019 5.1 
096280020 10.06 
096280021 5.8 
096280022 11.783 
096280023 8.897 
096280024 10.72 
096280025 6.731 
096280026 4.949 
096280027 4.733 
096280028 6.023 
096280029 5.523 
096280030 6.126 
096300001 4.018 
096300002 3.018 
096300003 4.127 
096300004 5.23 
096300005 3.817 
096300006 4.573 
096300007 3.894 
096300008 5.061 
096300009 3.222 
096300010 3.825 
096300011 3.282 
096300012 5.375 
096300013 5.182 
096300014 3.339 
096300015 3.699 
096300016 6.203 
096300017 4.057 
096300018 3.302 
096300019 3.436 
096300020 3.69 
096340004 7.05 
096340005 8.328 
096340006 6.306 
096340007 5.599 
096340008 7.282 
096340009 6.461 
096340010 6.58 
096340011 7.212 
096340012 10.23 
096340013 5.197 
096340014 7.71 
096340015 6.968 
096340016 7 
096340017 10.928 
096340018 8.78 
096340019 9.474 
096340020 11.634 
096340021 7.892 
096340022 9.387 
096340023 7.74 
