096240001 9624
096240002 9624
096240003 9624
096240004 9624
096240005 9624
096240006 9624
096240007 9624
096240008 9624
096240009 9624
096240010 9624
096240011 9624
096240012 9624
096240013 9624
096240014 9624
096240015 9624
096240016 9624
096240017 9624
096240019 9624
096240020 9624
096240021 9624
096250001 9625
096250002 9625
096250003 9625
096250004 9625
096250005 9625
096250007 9625
096250008 9625
096250009 9625
096250010 9625
096250011 9625
096250012 9625
096250013 9625
096250014 9625
096250015 9625
096250016 9625
096250017 9625
096250018 9625
096250020 9625
096250021 9625
096250023 9625
096280011 9628
096280012 9628
096280013 9628
096280014 9628
096280015 9628
096280016 9628
096280017 9628
096280018 9628
096280019 9628
096280020 9628
096280021 9628
096280022 9628
096280023 9628
096280024 9628
096280025 9628
096280026 9628
096280027 9628
096280028 9628
096280029 9628
096280030 9628
096300001 9630
096300002 9630
096300003 9630
096300004 9630
096300005 9630
096300006 9630
096300007 9630
096300008 9630
096300009 9630
096300010 9630
096300011 9630
096300012 9630
096300013 9630
096300014 9630
096300015 9630
096300016 9630
096300017 9630
096300018 9630
096300019 9630
096300020 9630
096340004 9634
096340005 9634
096340006 9634
096340007 9634
096340008 9634
096340009 9634
096340010 9634
096340011 9634
096340012 9634
096340013 9634
096340014 9634
096340015 9634
096340016 9634
096340017 9634
096340018 9634
096340019 9634
096340020 9634
096340021 9634
096340022 9634
096340023 9634
