000010011 2.58 
000010035 3.43 
000010053 3.35 
000010063 3.319 
000010069 3.01 
000010075 2.59 
000010089 3.08 
000010095 2.97 
000010106 2.13 
000010113 3.002 
000010115 3 
000010121 3.31 
000010122 3.42 
000010133 2.88 
000010135 3.222 
000010140 3.325 
000010145 3.49 
000010149 3.28 
000010168 1.67 
000010173 2.059 
000050003 4.343 
000050010 3.047 
000050024 3.839 
000050028 2.723 
000050038 2.877 
000050040 2.762 
000050047 2.254 
000050049 2.129 
000050055 2.238 
000050078 3.87 
000050079 4.641 
000050083 2.435 
000050095 2.901 
000050099 2.85 
000050100 2.92 
000050114 3.909 
000050118 3.559 
000050122 4.654 
000050174 1.942 
000050175 1.59 
000060015 3.31 
000060020 3.26 
000060029 3.4 
000060031 3.26 
000060049 3.12 
000060056 2.834 
000060077 3.05 
000060081 3.031 
000060082 3 
000060083 2.82 
000060094 3.18 
000060102 3.037 
000060106 3.23 
000060111 3.27 
000060113 2.44 
000060116 3.08 
000060124 3.579 
000060130 3 
000060136 2.59 
000060153 3.12 
000260001 2.382 
000260011 3.181 
000260015 3.22 
000260032 2.93 
000260033 2.89 
000260039 2.955 
000260048 2.552 
000260050 2.57 
000260052 3.48 
000260069 3.35 
000260075 2.41 
000260091 3.3 
000260095 3.2 
000260096 3.39 
000260112 3.88 
000260115 4.18 
000260121 3.82 
000260126 2.38 
000260133 2.65 
000260166 2.56 
000360013 3.3 
000360034 4.22 
000360036 2.957 
000360132 3.28 
000360133 4.519 
000360161 3.089 
000360190 3.78 
000360210 3.268 
000360223 4.021 
000360241 3.24 
000360264 4.556 
000360283 2.59 
000360313 3.53 
000360314 2.64 
000360332 4.16 
000360334 3.057 
000360339 3.8 
000360343 4 
000360360 3.87 
000360378 2.26 
000480010 2.178 
000480014 2.306 
000480015 2.666 
000480016 2.416 
000480019 2.31 
000480023 2.22 
000480033 2.43 
000480045 2.383 
000480068 2.03 
000480081 2.64 
000480089 2.398 
000480090 1.91 
000480108 2.45 
000480119 2.602 
000480125 3.089 
000480134 2.347 
000480136 2.589 
000480151 2.4 
000480158 2.43 
000480159 2.437 
000530003 3.66 
000530006 3.84 
000530019 3.65 
000530027 2.85 
000530030 3.566 
000530037 3.12 
000530054 2.68 
000530055 3.19 
000530060 3.71 
000530063 3.33 
000530076 4.536 
000530077 3.83 
000530094 3.89 
000530109 3.31 
000530112 4.163 
000530115 4.08 
000530145 5.07 
000530154 3.45 
000530163 3.56 
000530174 3.24 
000540001 2.819 
000540004 3.226 
000540014 3.098 
000540018 3.939 
000540031 3.88 
000540054 3.15 
000540055 2.928 
000540058 3.8 
000540062 3.67 
000540072 3.44 
000540077 3.6 
000540088 2.783 
000540106 3.185 
000540111 2.912 
000540117 3.12 
000540123 3.19 
000540127 2.575 
000540130 2.686 
000540156 2.582 
000540163 2.52 
000560016 4.399 
000560017 4.501 
000560026 2.66 
000560030 3.681 
000560033 3.231 
000560038 2.88 
000560058 5.103 
000560068 4.213 
000560074 4.17 
000560075 3.88 
000560084 3.77 
000560086 4.4 
000560088 2.36 
000560116 6.234 
000560117 10.717 
000560134 4.728 
000560154 5.46 
000560159 2.35 
000560162 4.99 
000560172 5.114 
000700008 4.12 
000700010 3.19 
000700012 3.01 
000700015 3.95 
000700019 3.51 
000700034 3.44 
000700037 3.381 
000700046 3.602 
000700048 3.597 
000700053 3.42 
000700063 3.88 
000700065 7.37 
000700082 4.03 
000700109 3.72 
000700120 4.52 
000700123 4.92 
000700130 4.615 
000700151 3.349 
000700156 2.97 
000700174 2.806 
000750005 2.5 
000750015 3.14 
000750020 3.791 
000750024 2.993 
000750026 3.269 
000750029 3.059 
000750045 2.611 
000750068 3.157 
000750080 2.63 
000750082 2.78 
000750085 2.733 
000750091 3.351 
000750101 2.405 
000750106 3.13 
000750108 2.459 
000750123 2.927 
000750128 2.955 
000750134 2.837 
000750140 2.902 
000750149 4.413 
001030008 3.285 
001030013 2.868 
001030032 3.708 
001030048 2.715 
001030053 2.73 
001030054 2.545 
001030060 3.806 
001030061 2.841 
001030065 3.109 
001030077 3.86 
001030078 4.233 
001030090 2.6 
001030099 3.292 
001030102 3.052 
001030103 3.2 
001030121 3.206 
001030136 2.98 
001030143 3.1 
001030144 3.44 
001030155 2.42 
001040022 3.28 
001040026 3.247 
001040038 4.219 
001040050 4.38 
001040062 3.21 
001040067 5 
001040069 3.76 
001040071 3.147 
001040073 4.09 
001040100 3.88 
001040104 2.79 
001040106 3.868 
001040108 3.7 
001040115 4.131 
001040120 3.893 
001040122 4.242 
001040134 3.226 
001040136 3.96 
001040149 7.159 
001040173 3.512 
001310020 3.849 
001310022 3.952 
001310023 3.508 
001310061 4.056 
001310062 3.199 
001310076 5.169 
001310078 4.726 
001310081 3.05 
001310096 3.565 
001310122 4.981 
001310123 4.655 
001310129 3.482 
001310144 2.252 
001310148 2.048 
001310152 3.396 
001310154 3.429 
001310155 2.091 
001310162 2.404 
001310165 3.134 
001310168 2.57 
001350002 2.973 
001350091 4.78 
001350119 3.39 
001350124 4.482 
001350134 2.31 
001350163 2.9 
001350174 3.32 
001350180 4.551 
001350194 4.009 
001350216 2.798 
001350219 3.38 
001350243 2.693 
001350285 3.11 
001350312 3.09 
001350317 3.809 
001350318 3.98 
001350343 3.276 
001350350 3.173 
001350356 3.25 
001350375 3.17 
001450037 4.71 
001450043 3.73 
001450049 4.23 
001450051 7.998 
001450063 3.54 
001450070 4.751 
001450083 4.81 
001450090 5.33 
001450094 6.48 
001450098 5.85 
001450109 6.16 
001450116 10.18 
001450140 3.68 
001450142 2.138 
001450146 2.85 
001450159 5.11 
001450170 4.46 
001450171 5.24 
001450172 4.09 
001450173 2.07 
004820005 3.484 
004820015 4.37 
004820041 4.928 
004820045 2.19 
004820055 3.32 
004820114 4.709 
004820119 3.507 
004820144 3.586 
004820201 4.106 
004820214 3.158 
004820220 2.552 
004820239 3.15 
004820258 3.335 
004820265 3.9 
004820268 3.6 
004820329 3.37 
004820353 4.47 
004820370 3.72 
004820371 3.61 
004820378 4.38 
005600015 4.127 
005600060 3.68 
005600065 4.084 
005600129 5.69 
005600145 2.5 
005600146 2.958 
005600153 2.825 
005600154 6.048 
005600180 2.987 
005600199 3.208 
005600205 5.46 
005600212 4.703 
005600214 3.672 
005600268 3.818 
005600294 2.563 
005600296 3.85 
005600298 3.453 
005600318 4.626 
005600365 3.364 
005600370 4.747 
005750059 4.55 
005750067 3.91 
005750089 4.68 
005750099 4.56 
005750150 3.53 
005750168 2.917 
005750178 2.76 
005750179 3.14 
005750237 3.24 
005750249 3.42 
005750268 3.21 
005750270 3.99 
005750290 2.51 
005750297 3.68 
005750298 2.89 
005750300 3.37 
005750303 3.04 
005750321 2.773 
005750330 4.36 
005750347 4 
005940019 4.591 
005940025 3.594 
005940141 3.27 
005940142 2.82 
005940164 4.52 
005940174 5.601 
005940193 3.602 
005940195 2.362 
005940234 2.885 
005940237 3.884 
005940238 3.941 
005940252 4.04 
005940263 4.99 
005940267 4.162 
005940271 3.58 
005940283 3.18 
005940304 2.59 
005940318 3.623 
005940373 4.79 
005940380 6.013 
007390013 4.654 
007390019 5.036 
007390062 5.459 
007390070 7.467 
007390072 3.901 
007390092 4.674 
007390119 4.681 
007390120 3.864 
007390139 4.859 
007390160 4.708 
007390195 5.859 
007390197 3.594 
007390208 6.498 
007390211 3.671 
007390220 4.825 
007390228 4.053 
007390238 4.362 
007390281 3.307 
007390294 2.923 
007390355 6.028 
008130061 3.295 
008130081 4.295 
008130091 4.822 
008130100 3.439 
008130153 2.423 
008130196 2.352 
008130222 3.316 
008130233 2.57 
008130257 2.619 
008130271 3.153 
008130281 2.878 
008130282 4.483 
008130283 3.805 
008130288 3.689 
008130301 3.045 
008130339 3.032 
008130340 3.636 
008130346 3.223 
008130356 2.638 
008130380 3.651 
009600062 3.422 
009600113 6.689 
009600118 4.66 
009600120 2.994 
009600127 4.261 
009600129 4.182 
009600133 5.941 
009600140 3.44 
009600186 3.196 
009600190 4.894 
009600205 4.571 
009600215 2.581 
009600262 3.02 
009600267 4.086 
009600270 3.865 
009600287 3.192 
009600335 5.513 
009600337 5.447 
009600338 4.208 
009600343 2.781 
010120008 3.22 
010120059 6.42 
010120071 4.03 
010120128 2.49 
010120148 3.82 
010120166 3.54 
010120180 2.22 
010120193 2.65 
010120200 2.44 
010120208 3.76 
010120212 3.17 
010120219 3.44 
010120243 4.34 
010120255 3.44 
010120265 3.23 
010120269 2.975 
010120303 3.99 
010120334 3.573 
010120335 4.45 
010120374 2.84 
010270117 2.784 
010270124 4.09 
010270131 2.47 
010270140 3.716 
010270170 2.506 
010270198 3.435 
010270226 3.02 
010270238 3.19 
010270265 3.087 
010270268 3.55 
010270294 2.65 
010270301 2.632 
010270306 4.795 
010270314 2.831 
010270349 3.78 
010270354 2.41 
010270356 4.458 
010270366 4.53 
010270368 4.08 
010270377 4.02 
010290003 2.899 
010290066 3.63 
010290094 2.2 
010290096 3.44 
010290123 3.51 
010290152 3.834 
010290179 2.68 
010290189 2.953 
010290229 2.852 
010290236 3.64 
010290252 3.25 
010290260 2.37 
010290276 2.99 
010290287 3 
010290294 2.79 
010290320 3.718 
010290330 3.37 
010290341 3.89 
010290361 3.14 
010290362 2.83 
010330026 3.64 
010330033 2.68 
010330035 3.21 
010330052 3.72 
010330053 4.14 
010330085 3.34 
010330103 3.2 
010330129 3.529 
010330139 4.529 
010330147 2.25 
010330197 3.62 
010330206 4.845 
010330235 2.669 
010330241 2.57 
010330257 3.31 
010330268 3.35 
010330277 4.16 
010330325 3.699 
010330345 2.424 
010330346 3.98 
010420022 3.486 
010420023 3.1 
010420025 2.69 
010420034 3.363 
010420040 3.376 
010420047 2.543 
010420059 3.26 
010420060 2.98 
010420064 2.44 
010420102 3.259 
010420105 3.931 
010420107 3.7 
010420129 3.41 
010420133 3.04 
010420134 3.253 
010420143 5.11 
010420151 2.22 
010420157 2.694 
010420167 3.51 
010420175 2.58 
010440006 3.62 
010440008 3.754 
010440012 3.39 
010440017 2.849 
010440038 3.52 
010440039 3.61 
010440053 5.37 
010440064 2.69 
010440077 3.41 
010440093 2.61 
010440099 2.05 
010440106 3.69 
010440107 4.67 
010440117 3.17 
010440119 3.399 
010440120 2.87 
010440127 3.18 
010440149 2.62 
010440150 2.47 
010440154 1.88 
010640005 4.262 
010640017 5.061 
010640028 5.578 
010640034 4.53 
010640036 4.807 
010640056 4.41 
010640082 3.643 
010640098 2.896 
010640166 4.965 
010640210 4.363 
010640212 3.649 
010640242 2.773 
010640250 3.631 
010640277 2.842 
010640280 4.693 
010640284 2.791 
010640286 2.639 
010640297 4.374 
010640314 3.373 
010640366 6.25 
010920012 3.77 
010920024 5.15 
010920025 5.48 
010920030 2.6 
010920032 2.62 
010920033 2.55 
010920043 2.73 
010920044 2.61 
010920065 4.329 
010920070 3.7 
010920075 3.18 
010920101 2.63 
010920105 4.476 
010920125 5.48 
010920126 3.74 
010920138 3.83 
010920141 4.771 
010920153 2.76 
010920159 3.97 
010920165 3.74 
011970004 4.751 
011970006 7.517 
011970019 4.37 
011970023 7.4 
011970036 3.13 
011970042 3.76 
011970075 4.58 
011970081 4.68 
011970087 5.61 
011970088 3.96 
011970092 4.59 
011970095 4.68 
011970107 8.21 
011970132 4.84 
011970141 5.708 
011970142 5.976 
011970145 7.33 
011970165 3.933 
011970173 2.775 
011970175 6.76 
012030007 3.02 
012030010 3.584 
012030013 2.9 
012030024 2.45 
012030027 3.47 
012030031 2.25 
012030032 2.64 
012030036 2.14 
012030043 2.9 
012030044 2.77 
012030053 3.18 
012030055 4.17 
012030058 2.96 
012030072 2.63 
012030078 2 
012030083 3.435 
012030093 2.56 
012030097 2.86 
012030116 3.88 
012030138 2.423 
012600017 6.049 
012600072 4.16 
012600082 5.298 
012600129 4.7 
012600131 4.371 
012600177 3.78 
012600186 4.13 
012600210 5.978 
012600219 3.655 
012600224 4.151 
012600251 2.684 
012600252 4.571 
012600263 3.647 
012600281 4.66 
012600295 3.012 
012600330 4.124 
012600338 2.977 
012600345 6.25 
012600357 5.99 
012600368 5.193 
013090018 2.884 
013090027 3.351 
013090041 3.2 
013090051 4.43 
013090076 2.98 
013090105 2.545 
013090128 4.387 
013090147 2.906 
013090148 2.352 
013090160 2.87 
013090179 3.35 
013090181 2.36 
013090184 2.33 
013090185 2.72 
013090202 2.789 
013090232 2.72 
013090267 3.41 
013090287 2.321 
013090339 2.44 
013090364 3.77 
013360001 5.122 
013360002 3 
013360016 4.215 
013360082 4.487 
013360123 2.88 
013360130 3.684 
013360140 2.82 
013360145 3.31 
013360146 2.564 
013360161 3.55 
013360162 3.245 
013360171 3.568 
013360226 3.182 
013360234 3.95 
013360235 2.594 
013360257 2.42 
013360263 2.8 
013360268 3.05 
013360360 3.11 
013360363 3.1 
013620027 4.05 
013620030 5.96 
013620106 5.57 
013620108 4.94 
013620128 3.04 
013620137 4.381 
013620140 4.75 
013620143 4.03 
013620146 3.37 
013620162 3.18 
013620175 4.58 
013620184 3.41 
013620185 5.02 
013620210 4.35 
013620241 2.92 
013620257 3.72 
013620258 2.62 
013620292 3.6 
013620361 3.11 
013620366 3.02 
013720023 2.78 
013720051 4.35 
013720070 3.76 
013720082 3.82 
013720140 3.54 
013720152 3.97 
013720153 3.4 
013720167 3.07 
013720182 3.37 
013720189 3.83 
013720198 3.31 
013720199 3.33 
013720201 3.13 
013720215 2.469 
013720233 2.96 
013720256 3.34 
013720274 3.85 
013720275 3.27 
013720311 3.02 
013720360 3.51 
014070040 4.201 
014070080 3.3 
014070092 3.776 
014070101 4.899 
014070159 3.38 
014070207 3.832 
014070217 2.375 
014070239 4.14 
014070248 3.538 
014070265 4.567 
014070270 2.657 
014070281 3.988 
014070297 5.397 
014070304 4.225 
014070308 5.059 
014070336 4.2 
014070341 6.625 
014070343 4.695 
014070349 4.747 
014070358 3.666 
014180002 4.646 
014180008 3.99 
014180011 3.56 
014180013 3.61 
014180044 3.86 
014180051 3.73 
014180063 3.22 
014180077 3.246 
014180084 4.25 
014180088 3.44 
014180100 3.11 
014180131 4.965 
014180139 4.51 
014180143 6.62 
014180150 3.297 
014180155 2.4 
014180158 2.5 
014180160 3.37 
014180165 2.81 
014180166 2.69 
014190006 3.31 
014190025 5.594 
014190027 3.81 
014190030 3.03 
014190055 3.63 
014190059 3.551 
014190060 3.071 
014190062 2.97 
014190064 4.039 
014190071 2.16 
014190073 3.86 
014190081 3.11 
014190088 3.47 
014190095 3.48 
014190098 3.38 
014190107 4.33 
014190108 4.61 
014190114 3.04 
014190128 2.98 
014190172 2.666 
014350004 4.287 
014350012 3.525 
014350016 3.94 
014350017 4.49 
014350018 3.45 
014350020 3.235 
014350022 3.01 
014350028 2.915 
014350085 4.89 
014350094 3.532 
014350103 3.16 
014350110 3.15 
014350127 3.059 
014350133 4.195 
014350146 5.76 
014350153 2.633 
014350157 1.84 
014350158 2.294 
014350163 1.94 
014350165 3.47 
014390008 4.75 
014390009 5.41 
014390045 3.83 
014390051 5.698 
014390052 6.333 
014390057 4.61 
014390064 4.41 
014390068 5.53 
014390076 5.33 
014390086 5.73 
014390090 3.7 
014390117 5.93 
014390124 5.58 
014390133 5.6 
014390134 5.86 
014390135 8.65 
014390143 5.03 
014390154 5.38 
014390156 5.84 
014390163 4.86 
014470007 4.31 
014470017 3.37 
014470026 3.44 
014470028 3.549 
014470031 2.74 
014470038 4.38 
014470039 3.37 
014470048 2.89 
014470053 2.97 
014470060 2.35 
014470063 3.73 
014470072 3.35 
014470084 4.53 
014470100 3.4 
014470109 4.34 
014470124 3.08 
014470140 7.45 
014470141 5.76 
014470149 3.01 
014470150 3.18 
020220021 5.068 
020220023 4.444 
020220033 4.068 
020220048 2.772 
020220056 3.097 
020220060 2.646 
020220072 3.082 
020220091 3.622 
020220120 3.046 
020220122 2.538 
020220139 3.109 
020220141 2.515 
020220176 3.213 
020220200 3.504 
020220221 2.684 
020220232 2.618 
020220259 2.703 
020220264 3.14 
020220295 2.997 
020220366 2.765 
020340016 3.4 
020340019 2.85 
020340029 2.38 
020340043 2.37 
020340055 3.12 
020340056 3.73 
020340063 2.19 
020340065 3.18 
020340071 2.86 
020340096 3.05 
020340098 3.76 
020340109 4.81 
020340113 4.794 
020340124 3.19 
020340140 2.17 
020340144 3.98 
020340156 3.98 
020340162 2.57 
020340166 1.98 
020340169 2.35 
020360017 2.883 
020360019 3.484 
020360036 3.14 
020360055 4.664 
020360089 4.962 
020360097 3.895 
020360100 3.666 
020360131 4.329 
020360136 2.94 
020360143 3.182 
020360202 3.417 
020360211 3.095 
020360220 3.131 
020360228 2.91 
020360245 2.854 
020360299 4.071 
020360301 2.708 
020360302 3.514 
020360312 5.05 
020360329 3.236 
020590022 4.106 
020590026 4.924 
020590047 3.027 
020590077 4.898 
020590103 4.307 
020590121 3.842 
020590122 3.01 
020590123 3.511 
020590144 3.728 
020590151 3.163 
020590164 3.157 
020590181 3.193 
020590228 4.2 
020590265 3.634 
020590274 3.958 
020590276 4.694 
020590290 2.482 
020590322 4.173 
020590359 2.999 
020590376 4.639 
020610010 3.27 
020610014 3.05 
020610061 5.211 
020610090 3.776 
020610122 3.89 
020610134 3.02 
020610166 3.208 
020610168 3.94 
020610174 4.15 
020610175 3.249 
020610194 3.871 
020610201 3 
020610206 3.13 
020610207 4.858 
020610291 2.73 
020610302 4.07 
020610316 3.75 
020610328 2.66 
020610341 5.755 
020610343 4.712 
020890003 4.283 
020890037 3.192 
020890112 3.231 
020890134 2.891 
020890156 3.033 
020890165 3.259 
020890206 3.736 
020890207 3.207 
020890215 3.419 
020890219 3.124 
020890259 3.092 
020890260 3.529 
020890267 3.251 
020890274 4.606 
020890306 3.522 
020890313 3.277 
020890326 5.291 
020890340 3.327 
020890346 3.259 
020890371 3.048 
021290009 3.63 
021290011 3.377 
021290068 3.89 
021290121 3.024 
021290134 2.682 
021290144 3.705 
021290148 2.89 
021290160 3.705 
021290169 2.853 
021290173 2.574 
021290200 3.316 
021290209 3.37 
021290235 3.88 
021290261 3.004 
021290282 3.566 
021290291 2.89 
021290319 3.049 
021290324 3.09 
021290326 2.86 
021290371 3.161 
021680007 3.186 
021680016 3.823 
021680048 4.525 
021680052 4.103 
021680122 3.103 
021680154 3.486 
021680169 3.012 
021680190 5.36 
021680237 3.864 
021680246 3.275 
021680249 3.711 
021680251 3.438 
021680266 3.204 
021680288 4.57 
021680297 3.222 
021680318 3.874 
021680332 3.047 
021680369 3.228 
021680379 3.812 
021680380 4.817 
021700029 3.606 
021700034 4.242 
021700062 3.913 
021700077 3.12 
021700120 3.8 
021700131 2.812 
021700139 3.323 
021700153 5.319 
021700176 2.624 
021700211 3.123 
021700224 3.106 
021700232 4.49 
021700236 4.799 
021700240 3.822 
021700277 3.612 
021700287 2.456 
021700291 3.013 
021700300 3.047 
021700362 3.339 
021700379 3.591 
021790008 2.965 
021790025 2.96 
021790030 2.9 
021790035 3.11 
021790039 3.15 
021790040 3.18 
021790043 2.807 
021790055 4.472 
021790075 2.53 
021790081 3.96 
021790083 2.687 
021790084 4.298 
021790108 3.86 
021790112 1.968 
021790125 2.92 
021790149 2.466 
021790152 2.759 
021790168 4.7 
021790169 2.91 
021790173 3.535 
022080028 3.743 
022080038 4.034 
022080085 4.149 
022080100 2.748 
022080116 3.143 
022080124 3.732 
022080146 3.201 
022080179 3.471 
022080181 2.761 
022080186 2.776 
022080187 2.899 
022080189 2.338 
022080192 2.843 
022080202 2.406 
022080204 2.482 
022080210 3.567 
022080294 2.396 
022080299 4.327 
022080340 4.112 
022080341 2.957 
022360092 4.118 
022360126 3.833 
022360147 3.004 
022360159 2.798 
022360185 2.567 
022360186 2.509 
022360221 3.735 
022360222 3.497 
022360227 3.033 
022360231 3.425 
022360253 4.007 
022360259 2.987 
022360262 2.498 
022360265 3.162 
022360293 2.779 
022360310 4.41 
022360311 3.048 
022360321 4.55 
022360326 3.287 
022360350 2.678 
022420015 2.591 
022420045 3.659 
022420067 2.884 
022420073 5.293 
022420086 4.389 
022420106 3.115 
022420129 2.905 
022420138 3.063 
022420146 3.204 
022420164 3.221 
022420168 3.776 
022420172 2.825 
022420273 3.019 
022420288 2.778 
022420292 3.001 
022420306 3.144 
022420342 3.031 
022420346 4.261 
022420348 4.008 
022420362 3.531 
022440038 4.472 
022440039 4.41 
022440062 4.578 
022440073 4.267 
022440126 2.655 
022440134 3.686 
022440139 2.429 
022440144 3.163 
022440165 4.054 
022440180 3.65 
022440189 4.203 
022440215 2.974 
022440277 2.737 
022440286 3.63 
022440312 3.048 
022440337 3.573 
022440340 4.125 
022440352 3.332 
022440361 3.763 
022440362 3.312 
022510066 3.584 
022510069 3.829 
022510089 3.997 
022510093 4.472 
022510095 3.594 
022510122 3.347 
022510152 4.653 
022510166 3.687 
022510190 4.165 
022510211 3.716 
022510230 4.357 
022510237 4.081 
022510255 3.036 
022510266 3.635 
022510276 3.626 
022510291 3.458 
022510300 3.218 
022510320 3.616 
022510323 3.17 
022510368 3.588 
022820020 4.283 
022820021 3.882 
022820026 2.845 
022820042 4.405 
022820062 4.022 
022820072 4.531 
022820079 4.699 
022820106 3.922 
022820107 3.127 
022820121 3.536 
022820134 3.175 
022820142 2.579 
022820155 3.272 
022820191 2.897 
022820197 3.553 
022820281 2.538 
022820291 2.771 
022820293 3.126 
022820317 2.72 
022820357 2.89 
023800015 3.365 
023800042 4.375 
023800056 3.278 
023800093 3.929 
023800114 4.261 
023800124 3.502 
023800160 2.833 
023800186 2.539 
023800242 3.953 
023800260 3.621 
023800277 3.048 
023800278 3.957 
023800280 3.148 
023800298 4.369 
023800326 3.48 
023800330 4.598 
023800338 4.22 
023800352 3.257 
023800363 3.677 
023800368 2.825 
024020047 2.65 
024020051 4.63 
024020053 2.49 
024020069 5.36 
024020084 3.29 
024020142 4.49 
024020158 3.526 
024020175 2.91 
024020176 4.02 
024020205 2.34 
024020233 4.15 
024020238 5.06 
024020253 5.193 
024020256 2.61 
024020260 3.44 
024020265 2.68 
024020291 3.865 
024020321 2.682 
024020328 4.28 
024020337 4.226 
024270011 4.65 
024270019 3.477 
024270028 5.536 
024270051 4.047 
024270053 3.371 
024270057 3.787 
024270077 2.84 
024270127 3.009 
024270155 2.884 
024270168 2.461 
024270176 2.843 
024270178 2.85 
024270183 3.057 
024270197 3.743 
024270206 3.39 
024270245 3.529 
024270270 3.613 
024270292 3.034 
024270313 2.05 
024270336 2.454 
024300001 3.364 
024300052 4.698 
024300061 2.317 
024300063 3.018 
024300065 3.544 
024300068 6.283 
024300080 2.27 
024300082 5.466 
024300093 3.907 
024300099 4.232 
024300118 3.498 
024300131 3.089 
024300132 3.721 
024300135 4.25 
024300189 3.249 
024300221 3.176 
024300270 2.726 
024300330 3.397 
024300345 3.466 
024300360 3.51 
024500006 2.712 
024500021 4.66 
024500033 3.83 
024500095 4.2 
024500126 2.351 
024500139 3.086 
024500141 3.366 
024500147 3.189 
024500151 2.99 
024500156 3.102 
024500164 3.122 
024500228 3.614 
024500250 3.292 
024500268 4.477 
024500284 4.204 
024500317 3.446 
024500327 2.834 
024500333 2.751 
024500350 3.29 
024500363 3.36 
026210005 3.196 
026210047 3.88 
026210096 2.95 
026210123 3.429 
026210132 3.357 
026210135 2.931 
026210136 2.813 
026210141 3.111 
026210157 3.834 
026210177 3.491 
026210185 3.349 
026210203 3.076 
026210213 2.701 
026210220 3.554 
026210231 2.782 
026210242 3.134 
026210262 2.988 
026210287 3.285 
026210299 3.094 
026210302 2.324 
027990028 4.19 
027990046 2.542 
027990056 3.61 
027990059 2.866 
027990066 3.072 
027990153 2.32 
027990156 3.53 
027990160 2.89 
027990162 3.49 
027990167 3.32 
027990201 3.426 
027990232 2.909 
027990242 2.474 
027990247 3.47 
027990264 3.229 
027990309 2.367 
027990328 3.381 
027990330 3.25 
027990341 3.14 
027990358 3.379 
029810020 2.695 
029810027 4.122 
029810135 2.74 
029810139 2.91 
029810147 2.34 
029810158 2.466 
029810200 2.81 
029810204 2.72 
029810216 2.3 
029810221 3.03 
029810234 3.62 
029810235 4.45 
029810243 3.333 
029810283 2.43 
029810294 3.96 
029810301 2.56 
029810315 2.9 
029810349 3.84 
029810350 4.22 
029810360 2.477 
030020008 2.67 
030020012 3.94 
030020022 2.44 
030020047 2.56 
030020048 4.354 
030020065 2.63 
030020077 2.662 
030020092 3.19 
030020100 4.35 
030020112 1.94 
030020117 2.65 
030020126 4.293 
030020136 2.86 
030020138 2.166 
030020144 3 
030020152 2.47 
030020159 3.05 
030020161 3.11 
030020162 3.54 
030020172 2.71 
030200005 4.777 
030200011 2.93 
030200016 2.07 
030200018 2.31 
030200019 2.71 
030200021 5 
030200037 3.62 
030200041 2.01 
030200049 2.51 
030200057 2.5 
030200076 2.366 
030200078 4.703 
030200087 2.89 
030200101 4.156 
030200105 2.64 
030200108 3.16 
030200137 3.341 
030200151 2.42 
030200153 4.41 
030200164 3.74 
030210005 2.73 
030210032 3.22 
030210041 3.11 
030210042 5.08 
030210044 2.78 
030210045 2.41 
030210047 3.6 
030210050 2.34 
030210060 3.45 
030210074 3.13 
030210079 3.52 
030210082 2.67 
030210118 3.31 
030210123 2.396 
030210137 2.94 
030210143 3.53 
030210152 4.94 
030210164 3.74 
030210165 3.49 
030210175 2.93 
030230003 3.553 
030230018 2.742 
030230056 2.922 
030230060 5.04 
030230086 3.215 
030230092 4.232 
030230119 3.68 
030230170 3.586 
030230182 2.954 
030230194 3.492 
030230209 2.948 
030230253 2.793 
030230260 3.506 
030230276 2.852 
030230280 3.443 
030230311 2.875 
030230330 3.595 
030230336 2.931 
030230340 3.834 
030230374 2.978 
030460032 2.501 
030460038 4.19 
030460048 3.27 
030460051 2.46 
030460052 3.709 
030460071 2.98 
030460085 2.31 
030460097 5.51 
030460106 2.607 
030460110 3.02 
030460114 2.82 
030460126 2.2 
030460133 3.69 
030460142 4.2 
030460146 3.19 
030460147 4.76 
030460157 3.783 
030460158 2.53 
030460160 3.41 
030460163 2.41 
030490010 3.462 
030490013 2.715 
030490029 2.994 
030490040 3.686 
030490055 7.13 
030490062 3.09 
030490063 4.533 
030490071 4.292 
030490076 4.281 
030490078 3.366 
030490095 6.2 
030490126 2.38 
030490127 4.57 
030490130 2.31 
030490138 3.07 
030490140 2.81 
030490142 3.274 
030490166 6.35 
030490168 2.29 
030490170 2.58 
030680003 3.83 
030680005 3.93 
030680009 2.3 
030680016 3.43 
030680027 3.23 
030680034 2.26 
030680037 2.3 
030680045 3.33 
030680054 3.21 
030680056 3.32 
030680072 3.358 
030680075 3 
030680090 3.21 
030680092 3.05 
030680097 2.41 
030680105 2.504 
030680114 3.79 
030680119 2.81 
030680140 2.57 
030680162 4.622 
030830001 3.16 
030830004 2.33 
030830013 4.915 
030830021 5.845 
030830030 2.37 
030830033 4.28 
030830043 2.95 
030830069 4.008 
030830074 2.51 
030830093 3.887 
030830094 2.58 
030830102 2.96 
030830116 3.89 
030830118 3.991 
030830124 5.35 
030830129 3.144 
030830135 2.88 
030830147 2.804 
030830154 2.11 
030830169 2.397 
030880003 3.059 
030880015 2.458 
030880018 3.13 
030880019 2.78 
030880025 4.095 
030880041 5.353 
030880049 2.85 
030880057 3.024 
030880058 3.31 
030880067 3.56 
030880086 2.52 
030880092 2.535 
030880096 2.78 
030880099 3.22 
030880105 2.005 
030880123 2.837 
030880131 2.502 
030880146 2.91 
030880172 2.448 
030880173 2.977 
032080019 2.18 
032080038 2.66 
032080043 2.87 
032080056 2.38 
032080058 2.58 
032080071 3.129 
032080078 3.27 
032080079 3.39 
032080083 4.22 
032080088 3.34 
032080092 4.47 
032080093 3 
032080099 2.47 
032080103 2.81 
032080110 3.43 
032080119 4.71 
032080132 2.81 
032080145 3.58 
032080150 2.32 
032080161 2.99 
034230011 3.202 
034230034 3.18 
034230035 2.57 
034230043 3.02 
034230051 5.14 
034230058 3.33 
034230063 3.92 
034230072 2.92 
034230079 3.03 
034230081 3.04 
034230083 3.025 
034230085 3.03 
034230108 3.33 
034230112 3.36 
034230115 3.76 
034230123 4.53 
034230141 5.3 
034230154 3.43 
034230164 3.86 
034230168 3.326 
036360016 3.974 
036360027 3.11 
036360029 4.8 
036360032 3.77 
036360033 4.353 
036360034 3.26 
036360044 5.814 
036360055 3.199 
036360061 3.79 
036360062 3.4 
036360071 6.531 
036360106 6.53 
036360111 6.989 
036360114 3.613 
036360142 4.113 
036360151 4.136 
036360154 3.05 
036360160 3.24 
036360167 4.728 
036360174 2.925 
038370004 4.32 
038370013 3.52 
038370019 3.541 
038370045 4.44 
038370052 3.38 
038370056 3.71 
038370060 2.61 
038370061 3.16 
038370068 4.03 
038370070 3.58 
038370081 3.09 
038370097 2.5 
038370105 2.55 
038370107 3 
038370128 3.4 
038370142 3.83 
038370153 6.5 
038370160 2.58 
038370167 4.31 
038370170 3.42 
040050015 3.481 
040050041 4.873 
040050060 3.644 
040050071 2.846 
040050094 2.981 
040050107 3.31 
040050110 2.595 
040050125 3.072 
040050142 3.104 
040050180 4.13 
040050183 2.522 
040050203 2.596 
040050205 3.127 
040050255 2.601 
040050264 2.543 
040050271 2.704 
040050281 3.103 
040050295 2.666 
040050306 2.777 
040050358 3.337 
051950005 3.16 
051950011 3.25 
051950018 4.07 
051950025 2.84 
051950032 2.78 
051950033 4.96 
051950038 3.25 
051950044 2.56 
051950050 3.11 
051950051 2.73 
051950067 3.89 
051950075 3.53 
051950086 3.06 
051950088 2.53 
051950096 3.22 
051950138 2.89 
051950154 3 
051950163 2.57 
051950164 3.24 
051950170 5.37 
052180017 2.52 
052180027 2.22 
052180028 3.16 
052180037 2.65 
052180041 3.33 
052180042 3.26 
052180046 2.04 
052180068 2.47 
052180084 2.17 
052180090 1.9 
052180093 3.47 
052180098 2.96 
052180104 4.1 
052180112 4.28 
052180117 2.52 
052180124 3.73 
052180137 3.24 
052180143 3.6 
052180146 2.83 
052180160 3.36 
054010004 5.23 
054010009 4.24 
054010014 2.856 
054010032 2.85 
054010046 3.72 
054010051 3.605 
054010055 2.937 
054010061 3 
054010072 3.09 
054010079 6.606 
054010091 3.31 
054010095 3.865 
054010105 3.422 
054010107 4.36 
054010123 3.702 
054010130 2.778 
054010136 4.895 
054010148 2.695 
054010155 2.55 
054010165 3.854 
054080004 3.745 
054080008 2.71 
054080011 2.87 
054080019 3.25 
054080021 3.728 
054080033 2.8 
054080035 3.9 
054080042 3.93 
054080065 3.22 
054080081 4.498 
054080109 3.948 
054080123 2.55 
054080138 3.454 
054080150 3.34 
054080151 3.513 
054080154 3.84 
054080163 3.57 
054080165 3.44 
054080167 3.6 
054080174 3.84 
054140003 2.408 
054140010 4.36 
054140015 2.261 
054140019 2.74 
054140021 3.23 
054140039 2.33 
054140051 3.48 
054140057 2.464 
054140077 4.87 
054140098 2.99 
054140104 2.56 
054140106 2.56 
054140113 2.55 
054140115 2.67 
054140118 3.45 
054140119 2.32 
054140122 4.85 
054140127 3.81 
054140154 2.999 
054140158 3.422 
054180014 2.168 
054180015 2.37 
054180021 3.1 
054180022 3.146 
054180029 2.671 
054180033 3.34 
054180059 2.072 
054180063 2.386 
054180075 2.102 
054180076 2.82 
054180077 2.157 
054180079 2.05 
054180087 3.54 
054180091 2.596 
054180096 2.231 
054180111 2.59 
054180123 2.71 
054180126 2.735 
054180130 4.679 
054180174 3.618 
054240002 4.556 
054240025 2.83 
054240038 3.131 
054240039 2.839 
054240048 3.29 
054240053 3.64 
054240079 2.494 
054240091 2.303 
054240093 2.492 
054240094 2.248 
054240097 3.97 
054240099 5.111 
054240109 2.405 
054240115 3.806 
054240116 2.78 
054240117 2.873 
054240125 2.51 
054240126 4.09 
054240138 3.29 
054240152 4.177 
055510024 2.96 
055510029 2.59 
055510046 4.484 
055510061 3.844 
055510067 3.08 
055510070 4.115 
055510078 2.58 
055510079 6.429 
055510084 2.89 
055510088 3.67 
055510093 3.46 
055510096 2.911 
055510100 3.158 
055510110 3.24 
055510122 4.562 
055510130 3.91 
055510143 5.99 
055510156 3.141 
055510164 4.53 
055510165 2.86 
060100004 4.31 
060100009 2.79 
060100031 4.09 
060100034 3.502 
060100037 2.56 
060100041 5.18 
060100047 3.56 
060100066 2.49 
060100081 4.78 
060100092 2.25 
060100100 5.32 
060100101 3.77 
060100105 3.147 
060100124 5.62 
060100128 5.53 
060100132 4.742 
060100147 2.997 
060100154 3.36 
060100159 2.88 
060100164 4.26 
060480005 3.627 
060480008 3.19 
060480012 3.861 
060480018 2.87 
060480037 3.03 
060480050 3.3 
060480082 3.01 
060480084 4.617 
060480090 4.68 
060480094 3.35 
060480102 2.843 
060480104 4.5 
060480131 4.895 
060480134 3.136 
060480135 3.706 
060480145 4 
060480147 2.99 
060480148 3.52 
060480168 4.28 
060480169 4.5 
061210013 2.8 
061210031 2.36 
061210059 2.55 
061210060 3.468 
061210063 4.06 
061210068 3.84 
061210069 3.701 
061210071 2.33 
061210075 2.1 
061210086 2.15 
061210095 2.42 
061210109 3.92 
061210128 2.96 
061210129 4.14 
061210140 3.02 
061210141 3.069 
061210142 2.13 
061210147 3.62 
061210148 2.31 
061210174 2.88 
064010049 3.07 
064010056 4.518 
064010057 3.643 
064010066 4.351 
064010067 4.263 
064010086 3.42 
064010092 3.521 
064010093 4.609 
064010103 3.74 
064010107 3.504 
064010109 2.704 
064010120 3.664 
064010123 4.318 
064010135 3.36 
064010141 4.063 
064010150 5.83 
064010161 5.67 
064010164 3.995 
064010172 4.861 
064010173 3.911 
065040005 4.865 
065040007 3.19 
065040009 4.508 
065040011 3.22 
065040028 4.14 
065040042 3.241 
065040044 3.38 
065040045 3.55 
065040049 3.043 
065040077 3.53 
065040112 2.759 
065040118 3.294 
065040124 3.23 
065040125 3.01 
065040126 2.39 
065040127 2.8 
065040133 4.23 
065040134 3.37 
065040137 3.01 
065040160 2.723 
069120003 4.05 
069120014 3.609 
069120020 3.13 
069120025 3.27 
069120052 2.518 
069120059 3.742 
069120061 3.24 
069120072 2.827 
069120083 2.846 
069120087 2.68 
069120092 3.8 
069120093 4.4 
069120094 4.18 
069120106 3.199 
069120121 3.884 
069120123 2.437 
069120140 4.39 
069120151 4.039 
069120165 3.28 
069120170 3.74 
070010001 5.904 
070010002 12.163 
070010003 11.639 
070010004 15.668 
070010005 19.903 
070010006 20.408 
070010007 9.419 
070010008 16.801 
070010009 13.461 
070010010 12.566 
070010011 13.645 
070010012 10.505 
070010013 6.516 
070010014 14.834 
070010015 19.735 
070010016 19.011 
070010017 12.281 
070010018 13.688 
070010019 13.434 
070010020 12.521 
075510004 3.957 
075510010 5.672 
075510017 3.037 
075510036 4.475 
075510038 4.983 
075510041 2.652 
075510057 2.74 
075510076 3.86 
075510086 3.268 
075510090 5.35 
075510091 4.038 
075510099 3.237 
075510129 3.72 
075510131 4.18 
075510137 2.894 
075510142 3.842 
075510144 4.1 
075510163 3.795 
075510165 3.59 
075510167 3.65 
080020001 10.517 
080020002 6.503 
080020003 17.106 
080020004 8.236 
080020005 5.953 
080020006 6.67 
080020007 6.853 
080020008 7.301 
080020009 10.868 
080020010 11.169 
080020011 14.374 
080020012 8.77 
080020013 7.519 
080020014 5.702 
080020015 5.533 
080020016 12.723 
080020017 6.836 
080020018 7.885 
080020019 11.571 
080020020 7.337 
080570004 2.648 
080570009 2.28 
080570013 2.89 
080570014 3.111 
080570031 3.78 
080570053 3.52 
080570067 3.56 
080570071 3.78 
080570072 5.31 
080570080 3.71 
080570081 3.62 
080570087 3.241 
080570089 3.24 
080570102 3.76 
080570127 2.8 
080570138 3.42 
080570143 4.94 
080570144 4.44 
080570146 3.6 
080570157 2.55 
085850006 3.7 
085850024 2.84 
085850039 3.62 
085850042 5.13 
085850044 2.832 
085850046 2.792 
085850056 3.95 
085850075 2.69 
085850088 2.692 
085850092 3.528 
085850094 2.49 
085850101 2.33 
085850108 4.11 
085850112 2.65 
085850119 2.84 
085850120 2.4 
085850138 3.64 
085850146 2.85 
085850161 3.49 
085850170 3.11 
090340002 3.74 
090340007 3.233 
090340021 3.51 
090340032 3.93 
090340039 4.21 
090340041 3.35 
090340043 5.34 
090340054 2.89 
090340071 2.49 
090340085 2.88 
090340088 2.31 
090340090 4.25 
090340108 2.46 
090340114 4.44 
090340126 3.63 
090340131 3.06 
090340155 4.72 
090340158 2.96 
090340164 3.12 
090340168 5.55 
090700006 2.99 
090700008 3.92 
090700019 2.72 
090700042 3.8 
090700045 3.97 
090700047 2.778 
090700054 3.19 
090700055 3.92 
090700057 5.01 
090700059 3.74 
090700065 4.56 
090700081 3.327 
090700082 2.93 
090700108 3.05 
090700111 4.17 
090700117 4.192 
090700127 3.247 
090700148 3.903 
090700164 4.86 
090700172 4.59 
095560005 4.353 
095560008 4.589 
095560010 3.061 
095560017 4.205 
095560031 4.67 
095560037 4.04 
095560051 4.294 
095560054 4.07 
095560069 4.918 
095560080 3.891 
095560083 4.589 
095560108 3.67 
095560115 2.999 
095560129 3.97 
095560133 4.842 
095560150 4.498 
095560153 4.712 
095560163 3.168 
095560164 4.51 
095560170 3.739 
096000002 6.489 
096000003 7.8 
096000004 6.494 
096000005 7.388 
096000006 7.44 
096000007 9.386 
096000008 7.71 
096000009 5.816 
096000010 7.169 
096000011 5.85 
096000012 7.053 
096000013 5.629 
096000014 5.501 
096000015 8.265 
096000016 7.69 
096000017 7.991 
096000018 9.256 
096000020 7.472 
096000021 9.111 
096000022 7.079 
096040001 6.174 
096040002 5.879 
096040004 2.717 
096040005 6.809 
096040006 6.378 
096040007 5.797 
096040008 3.97 
096040009 3.558 
096040010 8.505 
096040011 7.875 
096040012 5.311 
096040014 7.76 
096040015 3.584 
096040016 7.32 
096040018 7.09 
096040019 5.449 
096040021 4.146 
096040023 8.654 
096040024 5.557 
096040025 4.579 
096060001 5.62 
096060002 5.218 
096060003 5.4 
096060004 3.362 
096060005 6.822 
096060006 10.299 
096060007 4.242 
096060008 9.01 
096060009 9.43 
096060010 7.719 
096060011 5.81 
096060012 4.104 
096060013 5.56 
096060014 5.724 
096060015 6.19 
096060016 8.975 
096060017 7.453 
096060019 4.76 
096060020 6.315 
096060022 6.43 
096070002 5.324 
096070003 6.059 
096070005 7.28 
096070006 4.083 
096070007 6.109 
096070008 5.912 
096070011 5.408 
096070012 3.307 
096070013 8.198 
096070014 7.635 
096070015 6.815 
096070016 4.996 
096070017 6.22 
096070018 5.905 
096070019 4.543 
096070020 7.421 
096070021 6.12 
096070022 5.746 
096070023 6.47 
096070024 6.517 
096090001 11.945 
096090003 15.34 
096090005 9.68 
096090006 6.834 
096090007 11.72 
096090008 11.697 
096090010 12.539 
096090011 11.074 
096090014 8.41 
096090015 6.67 
096090017 14.39 
096090018 6.946 
096090019 11.254 
096090020 9.62 
096090021 11.878 
096090023 11.407 
096090024 9.302 
096090025 8.525 
096090026 5.08 
096090027 8.997 
096110001 5.183 
096110002 5.194 
096110003 3.764 
096110004 2.994 
096110005 5.225 
096110006 5.979 
096110008 3.334 
096110009 3.987 
096110011 4.829 
096110012 5.252 
096110013 2.917 
096110014 4.53 
096110015 5.688 
096110016 5.932 
096110017 6.25 
096110018 3.572 
096110019 4.966 
096110021 5.021 
096110022 4.363 
096110023 5.145 
096130001 3.267 
096130002 4.63 
096130003 4.709 
096130004 4.235 
096130005 6.304 
096130006 2.98 
096130007 4.4 
096130008 3.753 
096130009 5.564 
096130010 4.343 
096130011 3.929 
096130012 3.654 
096130013 5.08 
096130014 6.991 
096130016 4.489 
096130017 4.36 
096130018 4.804 
096130019 3.437 
096130020 4.484 
096130021 3.347 
096140002 5.622 
096140003 10.14 
096140004 9.298 
096140005 5.916 
096140006 6.581 
096140007 8.836 
096140008 6.463 
096140009 6.923 
096140010 5.173 
096140011 8.303 
096140012 9.464 
096140014 6.367 
096140015 8.658 
096140016 10.105 
096140017 8.352 
096140018 7.688 
096140019 5.353 
096140020 7.293 
096140021 5.022 
096140022 8.299 
096150003 7.92 
096150005 14.463 
096150006 13.46 
096150007 12.52 
096150009 8.105 
096150010 10.987 
096150011 11.74 
096150012 12.29 
096150013 9.681 
096150016 7.605 
096150017 9.282 
096150018 8.729 
096150019 9.057 
096150020 11.135 
096150021 10.045 
096150024 12.093 
096150025 13.311 
096150026 14.853 
096150027 6.521 
096150028 7.513 
096160001 15.16 
096160002 11.92 
096160003 4.185 
096160004 5.383 
096160005 4.737 
096160006 9.102 
096160007 4.781 
096160008 7.286 
096160009 7.264 
096160010 6.062 
096160011 7.345 
096160012 6.107 
096160013 5.361 
096160014 8.026 
096160015 5.263 
096160016 7.653 
096160017 7.744 
096160018 8.111 
096160019 4.921 
096160020 7.434 
096190001 4.617 
096190002 5.557 
096190003 6.315 
096190004 8.082 
096190005 8.791 
096190006 6.015 
096190007 7.665 
096190008 6.347 
096190009 6.714 
096190010 4.215 
096190011 4.653 
096190012 7.034 
096190013 7.338 
096190014 8.483 
096190015 6.776 
096190016 7.712 
096190017 6.23 
096190019 6.427 
096190020 4.156 
096190021 4.059 
096240001 3.15 
096240002 4.84 
096240003 4.444 
096240004 4.342 
096240005 6.363 
096240006 7.304 
096240007 11.3 
096240008 3.81 
096240009 5.538 
096240010 5.366 
096240011 4.173 
096240012 8.236 
096240013 3.373 
096240014 7.13 
096240015 8.34 
096240016 2.76 
096240017 5.893 
096240019 5.801 
096240020 3.29 
096240021 7.89 
096250001 3.838 
096250002 7.308 
096250003 3.94 
096250004 3.17 
096250005 4.9 
096250007 4.471 
096250008 3.555 
096250009 4.441 
096250010 4.628 
096250011 5.011 
096250012 4.966 
096250013 4.835 
096250014 6.603 
096250015 3.594 
096250016 4.721 
096250017 4.531 
096250018 5.1 
096250020 7.215 
096250021 7.448 
096250023 3.435 
096280011 7.082 
096280012 5.04 
096280013 9.987 
096280014 8.481 
096280015 8.661 
096280016 5.83 
096280017 8.701 
096280018 7.32 
096280019 5.1 
096280020 10.06 
096280021 5.8 
096280022 11.783 
096280023 8.897 
096280024 10.72 
096280025 6.731 
096280026 4.949 
096280027 4.733 
096280028 6.023 
096280029 5.523 
096280030 6.126 
096300001 4.018 
096300002 3.018 
096300003 4.127 
096300004 5.23 
096300005 3.817 
096300006 4.573 
096300007 3.894 
096300008 5.061 
096300009 3.222 
096300010 3.825 
096300011 3.282 
096300012 5.375 
096300013 5.182 
096300014 3.339 
096300015 3.699 
096300016 6.203 
096300017 4.057 
096300018 3.302 
096300019 3.436 
096300020 3.69 
096340004 7.05 
096340005 8.328 
096340006 6.306 
096340007 5.599 
096340008 7.282 
096340009 6.461 
096340010 6.58 
096340011 7.212 
096340012 10.23 
096340013 5.197 
096340014 7.71 
096340015 6.968 
096340016 7 
096340017 10.928 
096340018 8.78 
096340019 9.474 
096340020 11.634 
096340021 7.892 
096340022 9.387 
096340023 7.74 
096390001 2.872 
096390002 3.965 
096390003 2.588 
096390004 3.098 
096390005 3.915 
096390006 3.018 
096390007 3.256 
096390008 3.761 
096390009 2.862 
096390010 5.321 
096390011 2.425 
096390012 3.325 
096390013 4.126 
096390014 3.06 
096390015 3.27 
096390016 4.227 
096390017 3.947 
096390018 4.224 
096390019 3.032 
096390020 4.746 
096430002 5.7 
096430003 7.647 
096430004 8.988 
096430005 11.194 
096430006 13.119 
096430007 10.078 
096430008 9.556 
096430009 6.066 
096430010 9.481 
096430011 10.135 
096430012 7.629 
096430013 10.626 
096430014 8.021 
096430015 9.55 
096430016 8.869 
096430017 10.726 
096430018 8.086 
096430019 8.468 
096430020 9.158 
096430021 6.77 
096450001 3.28 
096450002 5.085 
096450003 7.51 
096450004 3.402 
096450005 6.134 
096450006 4.639 
096450007 5.775 
096450008 3.659 
096450010 6.654 
096450011 6.938 
096450012 5.48 
096450013 7.227 
096450014 7.432 
096450015 3.681 
096450016 6.75 
096450017 4.838 
096450018 4.214 
096450019 6.158 
096450020 7.017 
096450021 4.46 
096460002 7.432 
096460003 8.086 
096460004 6.432 
096460005 7.698 
096460006 10.343 
096460007 4.602 
096460008 4.176 
096460009 4.503 
096460010 2.589 
096460011 5.023 
096460012 6.07 
096460013 4.025 
096460014 5.18 
096460015 2.902 
096460016 5.013 
096460017 3.735 
096460018 2.889 
096460019 3.372 
096460020 4.941 
096460021 3.448 
096490001 6.402 
096490002 8.778 
096490003 7.438 
096490004 7.101 
096490005 10.015 
096490006 4.498 
096490007 8.14 
096490008 6.05 
096490009 6.098 
096490010 4.439 
096490011 7.843 
096490012 4.859 
096490013 3.939 
096490014 5.276 
096490015 5.841 
096490016 5.96 
096490017 3.778 
096490018 3.267 
096490019 4.652 
096490020 3.965 
