069120003 403 
069120014 359 
069120020 311 
069120025 325 
069120052 250 
069120059 372 
069120061 322 
069120072 281 
069120083 283 
069120087 266 
069120092 378 
069120093 438 
069120094 416 
069120106 318 
069120121 386 
069120123 242 
069120140 437 
069120151 402 
069120165 326 
069120170 372 
070010001 588 
070010002 1214 
070010003 1162 
070010004 1565 
070010005 1988 
070010006 2039 
070010007 940 
070010008 1678 
070010009 1344 
070010010 1255 
070010011 1363 
070010012 1049 
070010013 650 
070010014 1481 
070010015 1972 
070010016 1899 
070010017 1226 
070010018 1367 
070010019 1341 
070010020 1250 
075510004 394 
075510010 565 
075510017 302 
075510036 446 
075510038 496 
075510041 263 
075510057 272 
075510076 384 
075510086 325 
075510090 533 
075510091 402 
075510099 322 
075510129 370 
075510131 416 
075510137 287 
075510142 382 
075510144 408 
075510163 378 
075510165 357 
075510167 363 
080020001 1050 
080020002 648 
080020003 1709 
080020004 822 
080020005 593 
080020006 665 
080020007 683 
080020008 728 
080020009 1085 
080020010 1115 
080020011 1435 
080020012 875 
080020013 750 
080020014 568 
080020015 551 
080020016 1270 
080020017 682 
080020018 787 
080020019 1155 
080020020 732 
080570004 263 
080570009 226 
080570013 287 
080570014 309 
080570031 376 
080570053 350 
080570067 354 
080570071 376 
080570072 529 
080570080 369 
080570081 360 
080570087 322 
080570089 322 
080570102 374 
080570127 278 
080570138 340 
080570143 492 
080570144 442 
080570146 358 
080570157 253 
