069120003 4.05 
069120014 3.609 
069120020 3.13 
069120025 3.27 
069120052 2.518 
069120059 3.742 
069120061 3.24 
069120072 2.827 
069120083 2.846 
069120087 2.68 
069120092 3.8 
069120093 4.4 
069120094 4.18 
069120106 3.199 
069120121 3.884 
069120123 2.437 
069120140 4.39 
069120151 4.039 
069120165 3.28 
069120170 3.74 
070010001 5.904 
070010002 12.163 
070010003 11.639 
070010004 15.668 
070010005 19.903 
070010006 20.408 
070010007 9.419 
070010008 16.801 
070010009 13.461 
070010010 12.566 
070010011 13.645 
070010012 10.505 
070010013 6.516 
070010014 14.834 
070010015 19.735 
070010016 19.011 
070010017 12.281 
070010018 13.688 
070010019 13.434 
070010020 12.521 
075510004 3.957 
075510010 5.672 
075510017 3.037 
075510036 4.475 
075510038 4.983 
075510041 2.652 
075510057 2.74 
075510076 3.86 
075510086 3.268 
075510090 5.35 
075510091 4.038 
075510099 3.237 
075510129 3.72 
075510131 4.18 
075510137 2.894 
075510142 3.842 
075510144 4.1 
075510163 3.795 
075510165 3.59 
075510167 3.65 
080020001 10.517 
080020002 6.503 
080020003 17.106 
080020004 8.236 
080020005 5.953 
080020006 6.67 
080020007 6.853 
080020008 7.301 
080020009 10.868 
080020010 11.169 
080020011 14.374 
080020012 8.77 
080020013 7.519 
080020014 5.702 
080020015 5.533 
080020016 12.723 
080020017 6.836 
080020018 7.885 
080020019 11.571 
080020020 7.337 
080570004 2.648 
080570009 2.28 
080570013 2.89 
080570014 3.111 
080570031 3.78 
080570053 3.52 
080570067 3.56 
080570071 3.78 
080570072 5.31 
080570080 3.71 
080570081 3.62 
080570087 3.241 
080570089 3.24 
080570102 3.76 
080570127 2.8 
080570138 3.42 
080570143 4.94 
080570144 4.44 
080570146 3.6 
080570157 2.55 
