069120003 6912
069120014 6912
069120020 6912
069120025 6912
069120052 6912
069120059 6912
069120061 6912
069120072 6912
069120083 6912
069120087 6912
069120092 6912
069120093 6912
069120094 6912
069120106 6912
069120121 6912
069120123 6912
069120140 6912
069120151 6912
069120165 6912
069120170 6912
070010001 7001
070010002 7001
070010003 7001
070010004 7001
070010005 7001
070010006 7001
070010007 7001
070010008 7001
070010009 7001
070010010 7001
070010011 7001
070010012 7001
070010013 7001
070010014 7001
070010015 7001
070010016 7001
070010017 7001
070010018 7001
070010019 7001
070010020 7001
075510004 7551
075510010 7551
075510017 7551
075510036 7551
075510038 7551
075510041 7551
075510057 7551
075510076 7551
075510086 7551
075510090 7551
075510091 7551
075510099 7551
075510129 7551
075510131 7551
075510137 7551
075510142 7551
075510144 7551
075510163 7551
075510165 7551
075510167 7551
080020001 8002
080020002 8002
080020003 8002
080020004 8002
080020005 8002
080020006 8002
080020007 8002
080020008 8002
080020009 8002
080020010 8002
080020011 8002
080020012 8002
080020013 8002
080020014 8002
080020015 8002
080020016 8002
080020017 8002
080020018 8002
080020019 8002
080020020 8002
080570004 8057
080570009 8057
080570013 8057
080570014 8057
080570031 8057
080570053 8057
080570067 8057
080570071 8057
080570072 8057
080570080 8057
080570081 8057
080570087 8057
080570089 8057
080570102 8057
080570127 8057
080570138 8057
080570143 8057
080570144 8057
080570146 8057
080570157 8057
