000480010 2.178 
000480014 2.306 
000480015 2.666 
000480016 2.416 
000480019 2.31 
000480023 2.22 
000480033 2.43 
000480045 2.383 
000480068 2.03 
000480081 2.64 
000480089 2.398 
000480090 1.91 
000480108 2.45 
000480119 2.602 
000480125 3.089 
000480134 2.347 
000480136 2.589 
000480151 2.4 
000480158 2.43 
000480159 2.437 
000530003 3.66 
000530006 3.84 
000530019 3.65 
000530027 2.85 
000530030 3.566 
000530037 3.12 
000530054 2.68 
000530055 3.19 
000530060 3.71 
000530063 3.33 
000530076 4.536 
000530077 3.83 
000530094 3.89 
000530109 3.31 
000530112 4.163 
000530115 4.08 
000530145 5.07 
000530154 3.45 
000530163 3.56 
000530174 3.24 
000540001 2.819 
000540004 3.226 
000540014 3.098 
000540018 3.939 
000540031 3.88 
000540054 3.15 
000540055 2.928 
000540058 3.8 
000540062 3.67 
000540072 3.44 
000540077 3.6 
000540088 2.783 
000540106 3.185 
000540111 2.912 
000540117 3.12 
000540123 3.19 
000540127 2.575 
000540130 2.686 
000540156 2.582 
000540163 2.52 
000560016 4.399 
000560017 4.501 
000560026 2.66 
000560030 3.681 
000560033 3.231 
000560038 2.88 
000560058 5.103 
000560068 4.213 
000560074 4.17 
000560075 3.88 
000560084 3.77 
000560086 4.4 
000560088 2.36 
000560116 6.234 
000560117 10.717 
000560134 4.728 
000560154 5.46 
000560159 2.35 
000560162 4.99 
000560172 5.114 
000700008 4.12 
000700010 3.19 
000700012 3.01 
000700015 3.95 
000700019 3.51 
000700034 3.44 
000700037 3.381 
000700046 3.602 
000700048 3.597 
000700053 3.42 
000700063 3.88 
000700065 7.37 
000700082 4.03 
000700109 3.72 
000700120 4.52 
000700123 4.92 
000700130 4.615 
000700151 3.349 
000700156 2.97 
000700174 2.806 
