000480010 216 
000480014 229 
000480015 265 
000480016 240 
000480019 229 
000480023 220 
000480033 241 
000480045 236 
000480068 201 
000480081 262 
000480089 238 
000480090 189 
000480108 243 
000480119 258 
000480125 307 
000480134 233 
000480136 257 
000480151 238 
000480158 241 
000480159 242 
000530003 364 
000530006 382 
000530019 363 
000530027 283 
000530030 355 
000530037 310 
000530054 266 
000530055 317 
000530060 369 
000530063 331 
000530076 452 
000530077 381 
000530094 387 
000530109 329 
000530112 414 
000530115 406 
000530145 505 
000530154 343 
000530163 354 
000530174 322 
000540001 280 
000540004 321 
000540014 308 
000540018 392 
000540031 386 
000540054 313 
000540055 291 
000540058 378 
000540062 365 
000540072 342 
000540077 358 
000540088 276 
000540106 317 
000540111 289 
000540117 310 
000540123 317 
000540127 256 
000540130 267 
000540156 256 
000540163 250 
000560016 438 
000560017 448 
000560026 264 
000560030 366 
000560033 321 
000560038 286 
000560058 508 
000560068 419 
000560074 415 
000560075 386 
000560084 375 
000560086 438 
000560088 234 
000560116 621 
000560117 1070 
000560134 471 
000560154 544 
000560159 233 
000560162 497 
000560172 509 
000700008 410 
000700010 317 
000700012 299 
000700015 393 
000700019 349 
000700034 342 
000700037 336 
000700046 358 
000700048 358 
000700053 340 
000700063 386 
000700065 735 
000700082 401 
000700109 370 
000700120 450 
000700123 490 
000700130 460 
000700151 333 
000700156 295 
000700174 279 
