000480010 0048
000480014 0048
000480015 0048
000480016 0048
000480019 0048
000480023 0048
000480033 0048
000480045 0048
000480068 0048
000480081 0048
000480089 0048
000480090 0048
000480108 0048
000480119 0048
000480125 0048
000480134 0048
000480136 0048
000480151 0048
000480158 0048
000480159 0048
000530003 0053
000530006 0053
000530019 0053
000530027 0053
000530030 0053
000530037 0053
000530054 0053
000530055 0053
000530060 0053
000530063 0053
000530076 0053
000530077 0053
000530094 0053
000530109 0053
000530112 0053
000530115 0053
000530145 0053
000530154 0053
000530163 0053
000530174 0053
000540001 0054
000540004 0054
000540014 0054
000540018 0054
000540031 0054
000540054 0054
000540055 0054
000540058 0054
000540062 0054
000540072 0054
000540077 0054
000540088 0054
000540106 0054
000540111 0054
000540117 0054
000540123 0054
000540127 0054
000540130 0054
000540156 0054
000540163 0054
000560016 0056
000560017 0056
000560026 0056
000560030 0056
000560033 0056
000560038 0056
000560058 0056
000560068 0056
000560074 0056
000560075 0056
000560084 0056
000560086 0056
000560088 0056
000560116 0056
000560117 0056
000560134 0056
000560154 0056
000560159 0056
000560162 0056
000560172 0056
000700008 0070
000700010 0070
000700012 0070
000700015 0070
000700019 0070
000700034 0070
000700037 0070
000700046 0070
000700048 0070
000700053 0070
000700063 0070
000700065 0070
000700082 0070
000700109 0070
000700120 0070
000700123 0070
000700130 0070
000700151 0070
000700156 0070
000700174 0070
