000010011 256 
000010035 341 
000010053 333 
000010063 330 
000010069 299 
000010075 257 
000010089 306 
000010095 295 
000010106 211 
000010113 298 
000010115 298 
000010121 329 
000010122 340 
000010133 286 
000010135 320 
000010140 331 
000010145 347 
000010149 326 
000010168 165 
000010173 204 
000050003 432 
000050010 303 
000050024 382 
000050028 270 
000050038 286 
000050040 274 
000050047 223 
000050049 211 
000050055 222 
000050078 385 
000050079 462 
000050083 242 
000050095 288 
000050099 283 
000050100 290 
000050114 389 
000050118 354 
000050122 463 
000050174 192 
000050175 157 
000060015 329 
000060020 324 
000060029 338 
000060031 324 
000060049 310 
000060056 281 
000060077 303 
000060081 301 
000060082 298 
000060083 280 
000060094 316 
000060102 302 
000060106 321 
000060111 325 
000060113 242 
000060116 306 
000060124 356 
000060130 298 
000060136 257 
000060153 310 
000260001 236 
000260011 316 
000260015 320 
000260032 291 
000260033 287 
000260039 294 
000260048 253 
000260050 255 
000260052 346 
000260069 333 
000260075 239 
000260091 328 
000260095 318 
000260096 337 
000260112 386 
000260115 416 
000260121 380 
000260126 236 
000260133 263 
000260166 254 
000360013 328 
000360034 420 
000360036 294 
000360132 326 
000360133 450 
000360161 307 
000360190 376 
000360210 325 
000360223 400 
000360241 322 
000360264 454 
000360283 257 
000360313 351 
000360314 262 
000360332 414 
000360334 304 
000360339 378 
000360343 398 
000360360 385 
000360378 224 
