000010011 2.58 
000010035 3.43 
000010053 3.35 
000010063 3.319 
000010069 3.01 
000010075 2.59 
000010089 3.08 
000010095 2.97 
000010106 2.13 
000010113 3.002 
000010115 3 
000010121 3.31 
000010122 3.42 
000010133 2.88 
000010135 3.222 
000010140 3.325 
000010145 3.49 
000010149 3.28 
000010168 1.67 
000010173 2.059 
000050003 4.343 
000050010 3.047 
000050024 3.839 
000050028 2.723 
000050038 2.877 
000050040 2.762 
000050047 2.254 
000050049 2.129 
000050055 2.238 
000050078 3.87 
000050079 4.641 
000050083 2.435 
000050095 2.901 
000050099 2.85 
000050100 2.92 
000050114 3.909 
000050118 3.559 
000050122 4.654 
000050174 1.942 
000050175 1.59 
000060015 3.31 
000060020 3.26 
000060029 3.4 
000060031 3.26 
000060049 3.12 
000060056 2.834 
000060077 3.05 
000060081 3.031 
000060082 3 
000060083 2.82 
000060094 3.18 
000060102 3.037 
000060106 3.23 
000060111 3.27 
000060113 2.44 
000060116 3.08 
000060124 3.579 
000060130 3 
000060136 2.59 
000060153 3.12 
000260001 2.382 
000260011 3.181 
000260015 3.22 
000260032 2.93 
000260033 2.89 
000260039 2.955 
000260048 2.552 
000260050 2.57 
000260052 3.48 
000260069 3.35 
000260075 2.41 
000260091 3.3 
000260095 3.2 
000260096 3.39 
000260112 3.88 
000260115 4.18 
000260121 3.82 
000260126 2.38 
000260133 2.65 
000260166 2.56 
000360013 3.3 
000360034 4.22 
000360036 2.957 
000360132 3.28 
000360133 4.519 
000360161 3.089 
000360190 3.78 
000360210 3.268 
000360223 4.021 
000360241 3.24 
000360264 4.556 
000360283 2.59 
000360313 3.53 
000360314 2.64 
000360332 4.16 
000360334 3.057 
000360339 3.8 
000360343 4 
000360360 3.87 
000360378 2.26 
