000010011 0001
000010035 0001
000010053 0001
000010063 0001
000010069 0001
000010075 0001
000010089 0001
000010095 0001
000010106 0001
000010113 0001
000010115 0001
000010121 0001
000010122 0001
000010133 0001
000010135 0001
000010140 0001
000010145 0001
000010149 0001
000010168 0001
000010173 0001
000050003 0005
000050010 0005
000050024 0005
000050028 0005
000050038 0005
000050040 0005
000050047 0005
000050049 0005
000050055 0005
000050078 0005
000050079 0005
000050083 0005
000050095 0005
000050099 0005
000050100 0005
000050114 0005
000050118 0005
000050122 0005
000050174 0005
000050175 0005
000060015 0006
000060020 0006
000060029 0006
000060031 0006
000060049 0006
000060056 0006
000060077 0006
000060081 0006
000060082 0006
000060083 0006
000060094 0006
000060102 0006
000060106 0006
000060111 0006
000060113 0006
000060116 0006
000060124 0006
000060130 0006
000060136 0006
000060153 0006
000260001 0026
000260011 0026
000260015 0026
000260032 0026
000260033 0026
000260039 0026
000260048 0026
000260050 0026
000260052 0026
000260069 0026
000260075 0026
000260091 0026
000260095 0026
000260096 0026
000260112 0026
000260115 0026
000260121 0026
000260126 0026
000260133 0026
000260166 0026
000360013 0036
000360034 0036
000360036 0036
000360132 0036
000360133 0036
000360161 0036
000360190 0036
000360210 0036
000360223 0036
000360241 0036
000360264 0036
000360283 0036
000360313 0036
000360314 0036
000360332 0036
000360334 0036
000360339 0036
000360343 0036
000360360 0036
000360378 0036
