060100004 4.31 
060100009 2.79 
060100031 4.09 
060100034 3.502 
060100037 2.56 
060100041 5.18 
060100047 3.56 
060100066 2.49 
060100081 4.78 
060100092 2.25 
060100100 5.32 
060100101 3.77 
060100105 3.147 
060100124 5.62 
060100128 5.53 
060100132 4.742 
060100147 2.997 
060100154 3.36 
060100159 2.88 
060100164 4.26 
060480005 3.627 
060480008 3.19 
060480012 3.861 
060480018 2.87 
060480037 3.03 
060480050 3.3 
060480082 3.01 
060480084 4.617 
060480090 4.68 
060480094 3.35 
060480102 2.843 
060480104 4.5 
060480131 4.895 
060480134 3.136 
060480135 3.706 
060480145 4 
060480147 2.99 
060480148 3.52 
060480168 4.28 
060480169 4.5 
061210013 2.8 
061210031 2.36 
061210059 2.55 
061210060 3.468 
061210063 4.06 
061210068 3.84 
061210069 3.701 
061210071 2.33 
061210075 2.1 
061210086 2.15 
061210095 2.42 
061210109 3.92 
061210128 2.96 
061210129 4.14 
061210140 3.02 
061210141 3.069 
061210142 2.13 
061210147 3.62 
061210148 2.31 
061210174 2.88 
064010049 3.07 
064010056 4.518 
064010057 3.643 
064010066 4.351 
064010067 4.263 
064010086 3.42 
064010092 3.521 
064010093 4.609 
064010103 3.74 
064010107 3.504 
064010109 2.704 
064010120 3.664 
064010123 4.318 
064010135 3.36 
064010141 4.063 
064010150 5.83 
064010161 5.67 
064010164 3.995 
064010172 4.861 
064010173 3.911 
065040005 4.865 
065040007 3.19 
065040009 4.508 
065040011 3.22 
065040028 4.14 
065040042 3.241 
065040044 3.38 
065040045 3.55 
065040049 3.043 
065040077 3.53 
065040112 2.759 
065040118 3.294 
065040124 3.23 
065040125 3.01 
065040126 2.39 
065040127 2.8 
065040133 4.23 
065040134 3.37 
065040137 3.01 
065040160 2.723 
