060100004 429 
060100009 277 
060100031 407 
060100034 348 
060100037 254 
060100041 516 
060100047 354 
060100066 247 
060100081 476 
060100092 223 
060100100 530 
060100101 375 
060100105 313 
060100124 560 
060100128 551 
060100132 472 
060100147 298 
060100154 334 
060100159 286 
060100164 424 
060480005 361 
060480008 317 
060480012 384 
060480018 285 
060480037 301 
060480050 328 
060480082 299 
060480084 460 
060480090 466 
060480094 333 
060480102 282 
060480104 448 
060480131 488 
060480134 312 
060480135 369 
060480145 398 
060480147 297 
060480148 350 
060480168 426 
060480169 448 
061210013 278 
061210031 234 
061210059 253 
061210060 345 
061210063 404 
061210068 382 
061210069 368 
061210071 231 
061210075 208 
061210086 213 
061210095 240 
061210109 390 
061210128 294 
061210129 412 
061210140 300 
061210141 305 
061210142 211 
061210147 360 
061210148 229 
061210174 286 
064010049 305 
064010056 450 
064010057 362 
064010066 433 
064010067 424 
064010086 340 
064010092 350 
064010093 459 
064010103 372 
064010107 348 
064010109 268 
064010120 364 
064010123 430 
064010135 334 
064010141 404 
064010150 581 
064010161 565 
064010164 398 
064010172 484 
064010173 389 
065040005 485 
065040007 317 
065040009 449 
065040011 320 
065040028 412 
065040042 322 
065040044 336 
065040045 353 
065040049 302 
065040077 351 
065040112 274 
065040118 327 
065040124 321 
065040125 299 
065040126 237 
065040127 278 
065040133 421 
065040134 335 
065040137 299 
065040160 270 
