060100004 6010
060100009 6010
060100031 6010
060100034 6010
060100037 6010
060100041 6010
060100047 6010
060100066 6010
060100081 6010
060100092 6010
060100100 6010
060100101 6010
060100105 6010
060100124 6010
060100128 6010
060100132 6010
060100147 6010
060100154 6010
060100159 6010
060100164 6010
060480005 6048
060480008 6048
060480012 6048
060480018 6048
060480037 6048
060480050 6048
060480082 6048
060480084 6048
060480090 6048
060480094 6048
060480102 6048
060480104 6048
060480131 6048
060480134 6048
060480135 6048
060480145 6048
060480147 6048
060480148 6048
060480168 6048
060480169 6048
061210013 6121
061210031 6121
061210059 6121
061210060 6121
061210063 6121
061210068 6121
061210069 6121
061210071 6121
061210075 6121
061210086 6121
061210095 6121
061210109 6121
061210128 6121
061210129 6121
061210140 6121
061210141 6121
061210142 6121
061210147 6121
061210148 6121
061210174 6121
064010049 6401
064010056 6401
064010057 6401
064010066 6401
064010067 6401
064010086 6401
064010092 6401
064010093 6401
064010103 6401
064010107 6401
064010109 6401
064010120 6401
064010123 6401
064010135 6401
064010141 6401
064010150 6401
064010161 6401
064010164 6401
064010172 6401
064010173 6401
065040005 6504
065040007 6504
065040009 6504
065040011 6504
065040028 6504
065040042 6504
065040044 6504
065040045 6504
065040049 6504
065040077 6504
065040112 6504
065040118 6504
065040124 6504
065040125 6504
065040126 6504
065040127 6504
065040133 6504
065040134 6504
065040137 6504
065040160 6504
