013360001 5.122 
013360002 3 
013360016 4.215 
013360082 4.487 
013360123 2.88 
013360130 3.684 
013360140 2.82 
013360145 3.31 
013360146 2.564 
013360161 3.55 
013360162 3.245 
013360171 3.568 
013360226 3.182 
013360234 3.95 
013360235 2.594 
013360257 2.42 
013360263 2.8 
013360268 3.05 
013360360 3.11 
013360363 3.1 
013620027 4.05 
013620030 5.96 
013620106 5.57 
013620108 4.94 
013620128 3.04 
013620137 4.381 
013620140 4.75 
013620143 4.03 
013620146 3.37 
013620162 3.18 
013620175 4.58 
013620184 3.41 
013620185 5.02 
013620210 4.35 
013620241 2.92 
013620257 3.72 
013620258 2.62 
013620292 3.6 
013620361 3.11 
013620366 3.02 
013720023 2.78 
013720051 4.35 
013720070 3.76 
013720082 3.82 
013720140 3.54 
013720152 3.97 
013720153 3.4 
013720167 3.07 
013720182 3.37 
013720189 3.83 
013720198 3.31 
013720199 3.33 
013720201 3.13 
013720215 2.469 
013720233 2.96 
013720256 3.34 
013720274 3.85 
013720275 3.27 
013720311 3.02 
013720360 3.51 
014070040 4.201 
014070080 3.3 
014070092 3.776 
014070101 4.899 
014070159 3.38 
014070207 3.832 
014070217 2.375 
014070239 4.14 
014070248 3.538 
014070265 4.567 
014070270 2.657 
014070281 3.988 
014070297 5.397 
014070304 4.225 
014070308 5.059 
014070336 4.2 
014070341 6.625 
014070343 4.695 
014070349 4.747 
014070358 3.666 
014180002 4.646 
014180008 3.99 
014180011 3.56 
014180013 3.61 
014180044 3.86 
014180051 3.73 
014180063 3.22 
014180077 3.246 
014180084 4.25 
014180088 3.44 
014180100 3.11 
014180131 4.965 
014180139 4.51 
014180143 6.62 
014180150 3.297 
014180155 2.4 
014180158 2.5 
014180160 3.37 
014180165 2.81 
014180166 2.69 
