013360001 510 
013360002 298 
013360016 420 
013360082 447 
013360123 286 
013360130 366 
013360140 280 
013360145 329 
013360146 254 
013360161 353 
013360162 323 
013360171 355 
013360226 316 
013360234 393 
013360235 257 
013360257 240 
013360263 278 
013360268 303 
013360360 309 
013360363 308 
013620027 403 
013620030 594 
013620106 555 
013620108 492 
013620128 302 
013620137 436 
013620140 473 
013620143 401 
013620146 335 
013620162 316 
013620175 456 
013620184 339 
013620185 500 
013620210 433 
013620241 290 
013620257 370 
013620258 260 
013620292 358 
013620361 309 
013620366 300 
013720023 276 
013720051 433 
013720070 374 
013720082 380 
013720140 352 
013720152 395 
013720153 338 
013720167 305 
013720182 335 
013720189 381 
013720198 329 
013720199 331 
013720201 311 
013720215 245 
013720233 294 
013720256 332 
013720274 383 
013720275 325 
013720311 300 
013720360 349 
014070040 418 
014070080 328 
014070092 376 
014070101 488 
014070159 336 
014070207 381 
014070217 236 
014070239 412 
014070248 352 
014070265 455 
014070270 264 
014070281 397 
014070297 538 
014070304 421 
014070308 504 
014070336 418 
014070341 661 
014070343 468 
014070349 473 
014070358 365 
014180002 463 
014180008 397 
014180011 354 
014180013 359 
014180044 384 
014180051 371 
014180063 320 
014180077 323 
014180084 423 
014180088 342 
014180100 309 
014180131 495 
014180139 449 
014180143 660 
014180150 328 
014180155 238 
014180158 248 
014180160 335 
014180165 279 
014180166 267 
