013360001 1336
013360002 1336
013360016 1336
013360082 1336
013360123 1336
013360130 1336
013360140 1336
013360145 1336
013360146 1336
013360161 1336
013360162 1336
013360171 1336
013360226 1336
013360234 1336
013360235 1336
013360257 1336
013360263 1336
013360268 1336
013360360 1336
013360363 1336
013620027 1362
013620030 1362
013620106 1362
013620108 1362
013620128 1362
013620137 1362
013620140 1362
013620143 1362
013620146 1362
013620162 1362
013620175 1362
013620184 1362
013620185 1362
013620210 1362
013620241 1362
013620257 1362
013620258 1362
013620292 1362
013620361 1362
013620366 1362
013720023 1372
013720051 1372
013720070 1372
013720082 1372
013720140 1372
013720152 1372
013720153 1372
013720167 1372
013720182 1372
013720189 1372
013720198 1372
013720199 1372
013720201 1372
013720215 1372
013720233 1372
013720256 1372
013720274 1372
013720275 1372
013720311 1372
013720360 1372
014070040 1407
014070080 1407
014070092 1407
014070101 1407
014070159 1407
014070207 1407
014070217 1407
014070239 1407
014070248 1407
014070265 1407
014070270 1407
014070281 1407
014070297 1407
014070304 1407
014070308 1407
014070336 1407
014070341 1407
014070343 1407
014070349 1407
014070358 1407
014180002 1418
014180008 1418
014180011 1418
014180013 1418
014180044 1418
014180051 1418
014180063 1418
014180077 1418
014180084 1418
014180088 1418
014180100 1418
014180131 1418
014180139 1418
014180143 1418
014180150 1418
014180155 1418
014180158 1418
014180160 1418
014180165 1418
014180166 1418
