030830001 314 
030830004 231 
030830013 490 
030830021 583 
030830030 235 
030830033 426 
030830043 293 
030830069 399 
030830074 249 
030830093 387 
030830094 256 
030830102 294 
030830116 387 
030830118 397 
030830124 533 
030830129 312 
030830135 286 
030830147 278 
030830154 209 
030830169 238 
030880003 304 
030880015 244 
030880018 311 
030880019 276 
030880025 408 
030880041 533 
030880049 283 
030880057 300 
030880058 329 
030880067 354 
030880086 250 
030880092 252 
030880096 276 
030880099 320 
030880105 199 
030880123 282 
030880131 248 
030880146 289 
030880172 243 
030880173 296 
032080019 216 
032080038 264 
032080043 285 
032080056 236 
032080058 256 
032080071 311 
032080078 325 
032080079 337 
032080083 420 
032080088 332 
032080092 445 
032080093 298 
032080099 245 
032080103 279 
032080110 341 
032080119 469 
032080132 279 
032080145 356 
032080150 230 
032080161 297 
034230011 318 
034230034 316 
034230035 255 
034230043 300 
034230051 512 
034230058 331 
034230063 390 
034230072 290 
034230079 301 
034230081 302 
034230083 301 
034230085 301 
034230108 331 
034230112 334 
034230115 374 
034230123 451 
034230141 528 
034230154 341 
034230164 384 
034230168 331 
036360016 395 
036360027 309 
036360029 478 
036360032 375 
036360033 433 
036360034 324 
036360044 579 
036360055 318 
036360061 377 
036360062 338 
036360071 651 
036360106 651 
036360111 697 
036360114 359 
036360142 409 
036360151 412 
036360154 303 
036360160 322 
036360167 471 
036360174 291 
