030830001 3083
030830004 3083
030830013 3083
030830021 3083
030830030 3083
030830033 3083
030830043 3083
030830069 3083
030830074 3083
030830093 3083
030830094 3083
030830102 3083
030830116 3083
030830118 3083
030830124 3083
030830129 3083
030830135 3083
030830147 3083
030830154 3083
030830169 3083
030880003 3088
030880015 3088
030880018 3088
030880019 3088
030880025 3088
030880041 3088
030880049 3088
030880057 3088
030880058 3088
030880067 3088
030880086 3088
030880092 3088
030880096 3088
030880099 3088
030880105 3088
030880123 3088
030880131 3088
030880146 3088
030880172 3088
030880173 3088
032080019 3208
032080038 3208
032080043 3208
032080056 3208
032080058 3208
032080071 3208
032080078 3208
032080079 3208
032080083 3208
032080088 3208
032080092 3208
032080093 3208
032080099 3208
032080103 3208
032080110 3208
032080119 3208
032080132 3208
032080145 3208
032080150 3208
032080161 3208
034230011 3423
034230034 3423
034230035 3423
034230043 3423
034230051 3423
034230058 3423
034230063 3423
034230072 3423
034230079 3423
034230081 3423
034230083 3423
034230085 3423
034230108 3423
034230112 3423
034230115 3423
034230123 3423
034230141 3423
034230154 3423
034230164 3423
034230168 3423
036360016 3636
036360027 3636
036360029 3636
036360032 3636
036360033 3636
036360034 3636
036360044 3636
036360055 3636
036360061 3636
036360062 3636
036360071 3636
036360106 3636
036360111 3636
036360114 3636
036360142 3636
036360151 3636
036360154 3636
036360160 3636
036360167 3636
036360174 3636
