030830001 3.16 
030830004 2.33 
030830013 4.915 
030830021 5.845 
030830030 2.37 
030830033 4.28 
030830043 2.95 
030830069 4.008 
030830074 2.51 
030830093 3.887 
030830094 2.58 
030830102 2.96 
030830116 3.89 
030830118 3.991 
030830124 5.35 
030830129 3.144 
030830135 2.88 
030830147 2.804 
030830154 2.11 
030830169 2.397 
030880003 3.059 
030880015 2.458 
030880018 3.13 
030880019 2.78 
030880025 4.095 
030880041 5.353 
030880049 2.85 
030880057 3.024 
030880058 3.31 
030880067 3.56 
030880086 2.52 
030880092 2.535 
030880096 2.78 
030880099 3.22 
030880105 2.005 
030880123 2.837 
030880131 2.502 
030880146 2.91 
030880172 2.448 
030880173 2.977 
032080019 2.18 
032080038 2.66 
032080043 2.87 
032080056 2.38 
032080058 2.58 
032080071 3.129 
032080078 3.27 
032080079 3.39 
032080083 4.22 
032080088 3.34 
032080092 4.47 
032080093 3 
032080099 2.47 
032080103 2.81 
032080110 3.43 
032080119 4.71 
032080132 2.81 
032080145 3.58 
032080150 2.32 
032080161 2.99 
034230011 3.202 
034230034 3.18 
034230035 2.57 
034230043 3.02 
034230051 5.14 
034230058 3.33 
034230063 3.92 
034230072 2.92 
034230079 3.03 
034230081 3.04 
034230083 3.025 
034230085 3.03 
034230108 3.33 
034230112 3.36 
034230115 3.76 
034230123 4.53 
034230141 5.3 
034230154 3.43 
034230164 3.86 
034230168 3.326 
036360016 3.974 
036360027 3.11 
036360029 4.8 
036360032 3.77 
036360033 4.353 
036360034 3.26 
036360044 5.814 
036360055 3.199 
036360061 3.79 
036360062 3.4 
036360071 6.531 
036360106 6.53 
036360111 6.989 
036360114 3.613 
036360142 4.113 
036360151 4.136 
036360154 3.05 
036360160 3.24 
036360167 4.728 
036360174 2.925 
