096130001 325 
096130002 461 
096130003 469 
096130004 422 
096130005 628 
096130006 296 
096130007 438 
096130008 373 
096130009 554 
096130010 432 
096130011 391 
096130012 363 
096130013 506 
096130014 697 
096130016 447 
096130017 434 
096130018 478 
096130019 342 
096130020 446 
096130021 333 
096140002 560 
096140003 1012 
096140004 928 
096140005 590 
096140006 656 
096140007 882 
096140008 644 
096140009 690 
096140010 515 
096140011 828 
096140012 944 
096140014 635 
096140015 864 
096140016 1009 
096140017 833 
096140018 767 
096140019 533 
096140020 727 
096140021 500 
096140022 828 
096150003 790 
096150005 1444 
096150006 1344 
096150007 1250 
096150009 809 
096150010 1097 
096150011 1172 
096150012 1227 
096150013 966 
096150016 759 
096150017 926 
096150018 871 
096150019 904 
096150020 1112 
096150021 1003 
096150024 1207 
096150025 1329 
096150026 1483 
096150027 650 
096150028 749 
096160001 1514 
096160002 1190 
096160003 417 
096160004 536 
096160005 472 
096160006 908 
096160007 476 
096160008 727 
096160009 724 
096160010 604 
096160011 733 
096160012 609 
096160013 534 
096160014 801 
096160015 524 
096160016 763 
096160017 772 
096160018 809 
096160019 490 
096160020 741 
096190001 460 
096190002 554 
096190003 630 
096190004 806 
096190005 877 
096190006 600 
096190007 765 
096190008 633 
096190009 669 
096190010 420 
096190011 463 
096190012 701 
096190013 732 
096190014 846 
096190015 676 
096190016 769 
096190017 621 
096190019 641 
096190020 414 
096190021 404 
