096130001 9613
096130002 9613
096130003 9613
096130004 9613
096130005 9613
096130006 9613
096130007 9613
096130008 9613
096130009 9613
096130010 9613
096130011 9613
096130012 9613
096130013 9613
096130014 9613
096130016 9613
096130017 9613
096130018 9613
096130019 9613
096130020 9613
096130021 9613
096140002 9614
096140003 9614
096140004 9614
096140005 9614
096140006 9614
096140007 9614
096140008 9614
096140009 9614
096140010 9614
096140011 9614
096140012 9614
096140014 9614
096140015 9614
096140016 9614
096140017 9614
096140018 9614
096140019 9614
096140020 9614
096140021 9614
096140022 9614
096150003 9615
096150005 9615
096150006 9615
096150007 9615
096150009 9615
096150010 9615
096150011 9615
096150012 9615
096150013 9615
096150016 9615
096150017 9615
096150018 9615
096150019 9615
096150020 9615
096150021 9615
096150024 9615
096150025 9615
096150026 9615
096150027 9615
096150028 9615
096160001 9616
096160002 9616
096160003 9616
096160004 9616
096160005 9616
096160006 9616
096160007 9616
096160008 9616
096160009 9616
096160010 9616
096160011 9616
096160012 9616
096160013 9616
096160014 9616
096160015 9616
096160016 9616
096160017 9616
096160018 9616
096160019 9616
096160020 9616
096190001 9619
096190002 9619
096190003 9619
096190004 9619
096190005 9619
096190006 9619
096190007 9619
096190008 9619
096190009 9619
096190010 9619
096190011 9619
096190012 9619
096190013 9619
096190014 9619
096190015 9619
096190016 9619
096190017 9619
096190019 9619
096190020 9619
096190021 9619
