096130001 3.267 
096130002 4.63 
096130003 4.709 
096130004 4.235 
096130005 6.304 
096130006 2.98 
096130007 4.4 
096130008 3.753 
096130009 5.564 
096130010 4.343 
096130011 3.929 
096130012 3.654 
096130013 5.08 
096130014 6.991 
096130016 4.489 
096130017 4.36 
096130018 4.804 
096130019 3.437 
096130020 4.484 
096130021 3.347 
096140002 5.622 
096140003 10.14 
096140004 9.298 
096140005 5.916 
096140006 6.581 
096140007 8.836 
096140008 6.463 
096140009 6.923 
096140010 5.173 
096140011 8.303 
096140012 9.464 
096140014 6.367 
096140015 8.658 
096140016 10.105 
096140017 8.352 
096140018 7.688 
096140019 5.353 
096140020 7.293 
096140021 5.022 
096140022 8.299 
096150003 7.92 
096150005 14.463 
096150006 13.46 
096150007 12.52 
096150009 8.105 
096150010 10.987 
096150011 11.74 
096150012 12.29 
096150013 9.681 
096150016 7.605 
096150017 9.282 
096150018 8.729 
096150019 9.057 
096150020 11.135 
096150021 10.045 
096150024 12.093 
096150025 13.311 
096150026 14.853 
096150027 6.521 
096150028 7.513 
096160001 15.16 
096160002 11.92 
096160003 4.185 
096160004 5.383 
096160005 4.737 
096160006 9.102 
096160007 4.781 
096160008 7.286 
096160009 7.264 
096160010 6.062 
096160011 7.345 
096160012 6.107 
096160013 5.361 
096160014 8.026 
096160015 5.263 
096160016 7.653 
096160017 7.744 
096160018 8.111 
096160019 4.921 
096160020 7.434 
096190001 4.617 
096190002 5.557 
096190003 6.315 
096190004 8.082 
096190005 8.791 
096190006 6.015 
096190007 7.665 
096190008 6.347 
096190009 6.714 
096190010 4.215 
096190011 4.653 
096190012 7.034 
096190013 7.338 
096190014 8.483 
096190015 6.776 
096190016 7.712 
096190017 6.23 
096190019 6.427 
096190020 4.156 
096190021 4.059 
