022360092 2236
022360126 2236
022360147 2236
022360159 2236
022360185 2236
022360186 2236
022360221 2236
022360222 2236
022360227 2236
022360231 2236
022360253 2236
022360259 2236
022360262 2236
022360265 2236
022360293 2236
022360310 2236
022360311 2236
022360321 2236
022360326 2236
022360350 2236
022420015 2242
022420045 2242
022420067 2242
022420073 2242
022420086 2242
022420106 2242
022420129 2242
022420138 2242
022420146 2242
022420164 2242
022420168 2242
022420172 2242
022420273 2242
022420288 2242
022420292 2242
022420306 2242
022420342 2242
022420346 2242
022420348 2242
022420362 2242
022440038 2244
022440039 2244
022440062 2244
022440073 2244
022440126 2244
022440134 2244
022440139 2244
022440144 2244
022440165 2244
022440180 2244
022440189 2244
022440215 2244
022440277 2244
022440286 2244
022440312 2244
022440337 2244
022440340 2244
022440352 2244
022440361 2244
022440362 2244
022510066 2251
022510069 2251
022510089 2251
022510093 2251
022510095 2251
022510122 2251
022510152 2251
022510166 2251
022510190 2251
022510211 2251
022510230 2251
022510237 2251
022510255 2251
022510266 2251
022510276 2251
022510291 2251
022510300 2251
022510320 2251
022510323 2251
022510368 2251
022820020 2282
022820021 2282
022820026 2282
022820042 2282
022820062 2282
022820072 2282
022820079 2282
022820106 2282
022820107 2282
022820121 2282
022820134 2282
022820142 2282
022820155 2282
022820191 2282
022820197 2282
022820281 2282
022820291 2282
022820293 2282
022820317 2282
022820357 2282
