022360092 410 
022360126 381 
022360147 298 
022360159 278 
022360185 255 
022360186 249 
022360221 372 
022360222 348 
022360227 301 
022360231 341 
022360253 399 
022360259 297 
022360262 248 
022360265 314 
022360293 276 
022360310 439 
022360311 303 
022360321 453 
022360326 327 
022360350 266 
022420015 257 
022420045 364 
022420067 286 
022420073 527 
022420086 437 
022420106 310 
022420129 289 
022420138 304 
022420146 318 
022420164 320 
022420168 376 
022420172 281 
022420273 300 
022420288 276 
022420292 298 
022420306 312 
022420342 301 
022420346 424 
022420348 399 
022420362 351 
022440038 445 
022440039 439 
022440062 456 
022440073 425 
022440126 264 
022440134 367 
022440139 241 
022440144 314 
022440165 403 
022440180 363 
022440189 418 
022440215 295 
022440277 272 
022440286 361 
022440312 303 
022440337 355 
022440340 411 
022440352 331 
022440361 374 
022440362 329 
022510066 356 
022510069 381 
022510089 398 
022510093 445 
022510095 357 
022510122 333 
022510152 463 
022510166 367 
022510190 415 
022510211 370 
022510230 434 
022510237 406 
022510255 302 
022510266 362 
022510276 361 
022510291 344 
022510300 320 
022510320 360 
022510323 315 
022510368 357 
022820020 426 
022820021 386 
022820026 283 
022820042 439 
022820062 400 
022820072 451 
022820079 468 
022820106 390 
022820107 311 
022820121 352 
022820134 316 
022820142 256 
022820155 325 
022820191 288 
022820197 353 
022820281 252 
022820291 275 
022820293 311 
022820317 270 
022820357 287 
