022360092 4.118 
022360126 3.833 
022360147 3.004 
022360159 2.798 
022360185 2.567 
022360186 2.509 
022360221 3.735 
022360222 3.497 
022360227 3.033 
022360231 3.425 
022360253 4.007 
022360259 2.987 
022360262 2.498 
022360265 3.162 
022360293 2.779 
022360310 4.41 
022360311 3.048 
022360321 4.55 
022360326 3.287 
022360350 2.678 
022420015 2.591 
022420045 3.659 
022420067 2.884 
022420073 5.293 
022420086 4.389 
022420106 3.115 
022420129 2.905 
022420138 3.063 
022420146 3.204 
022420164 3.221 
022420168 3.776 
022420172 2.825 
022420273 3.019 
022420288 2.778 
022420292 3.001 
022420306 3.144 
022420342 3.031 
022420346 4.261 
022420348 4.008 
022420362 3.531 
022440038 4.472 
022440039 4.41 
022440062 4.578 
022440073 4.267 
022440126 2.655 
022440134 3.686 
022440139 2.429 
022440144 3.163 
022440165 4.054 
022440180 3.65 
022440189 4.203 
022440215 2.974 
022440277 2.737 
022440286 3.63 
022440312 3.048 
022440337 3.573 
022440340 4.125 
022440352 3.332 
022440361 3.763 
022440362 3.312 
022510066 3.584 
022510069 3.829 
022510089 3.997 
022510093 4.472 
022510095 3.594 
022510122 3.347 
022510152 4.653 
022510166 3.687 
022510190 4.165 
022510211 3.716 
022510230 4.357 
022510237 4.081 
022510255 3.036 
022510266 3.635 
022510276 3.626 
022510291 3.458 
022510300 3.218 
022510320 3.616 
022510323 3.17 
022510368 3.588 
022820020 4.283 
022820021 3.882 
022820026 2.845 
022820042 4.405 
022820062 4.022 
022820072 4.531 
022820079 4.699 
022820106 3.922 
022820107 3.127 
022820121 3.536 
022820134 3.175 
022820142 2.579 
022820155 3.272 
022820191 2.897 
022820197 3.553 
022820281 2.538 
022820291 2.771 
022820293 3.126 
022820317 2.72 
022820357 2.89 
