020340016 3.4 
020340019 2.85 
020340029 2.38 
020340043 2.37 
020340055 3.12 
020340056 3.73 
020340063 2.19 
020340065 3.18 
020340071 2.86 
020340096 3.05 
020340098 3.76 
020340109 4.81 
020340113 4.794 
020340124 3.19 
020340140 2.17 
020340144 3.98 
020340156 3.98 
020340162 2.57 
020340166 1.98 
020340169 2.35 
020360017 2.883 
020360019 3.484 
020360036 3.14 
020360055 4.664 
020360089 4.962 
020360097 3.895 
020360100 3.666 
020360131 4.329 
020360136 2.94 
020360143 3.182 
020360202 3.417 
020360211 3.095 
020360220 3.131 
020360228 2.91 
020360245 2.854 
020360299 4.071 
020360301 2.708 
020360302 3.514 
020360312 5.05 
020360329 3.236 
020590022 4.106 
020590026 4.924 
020590047 3.027 
020590077 4.898 
020590103 4.307 
020590121 3.842 
020590122 3.01 
020590123 3.511 
020590144 3.728 
020590151 3.163 
020590164 3.157 
020590181 3.193 
020590228 4.2 
020590265 3.634 
020590274 3.958 
020590276 4.694 
020590290 2.482 
020590322 4.173 
020590359 2.999 
020590376 4.639 
020610010 3.27 
020610014 3.05 
020610061 5.211 
020610090 3.776 
020610122 3.89 
020610134 3.02 
020610166 3.208 
020610168 3.94 
020610174 4.15 
020610175 3.249 
020610194 3.871 
020610201 3 
020610206 3.13 
020610207 4.858 
020610291 2.73 
020610302 4.07 
020610316 3.75 
020610328 2.66 
020610341 5.755 
020610343 4.712 
020890003 4.283 
020890037 3.192 
020890112 3.231 
020890134 2.891 
020890156 3.033 
020890165 3.259 
020890206 3.736 
020890207 3.207 
020890215 3.419 
020890219 3.124 
020890259 3.092 
020890260 3.529 
020890267 3.251 
020890274 4.606 
020890306 3.522 
020890313 3.277 
020890326 5.291 
020890340 3.327 
020890346 3.259 
020890371 3.048 
