020340016 338 
020340019 283 
020340029 236 
020340043 235 
020340055 310 
020340056 371 
020340063 217 
020340065 316 
020340071 284 
020340096 303 
020340098 374 
020340109 479 
020340113 477 
020340124 317 
020340140 215 
020340144 396 
020340156 396 
020340162 255 
020340166 196 
020340169 233 
020360017 286 
020360019 346 
020360036 312 
020360055 464 
020360089 494 
020360097 388 
020360100 365 
020360131 431 
020360136 292 
020360143 316 
020360202 340 
020360211 308 
020360220 311 
020360228 289 
020360245 283 
020360299 405 
020360301 269 
020360302 349 
020360312 503 
020360329 322 
020590022 409 
020590026 490 
020590047 301 
020590077 488 
020590103 429 
020590121 382 
020590122 299 
020590123 349 
020590144 371 
020590151 314 
020590164 314 
020590181 317 
020590228 418 
020590265 361 
020590274 394 
020590276 467 
020590290 246 
020590322 415 
020590359 298 
020590376 462 
020610010 325 
020610014 303 
020610061 519 
020610090 376 
020610122 387 
020610134 300 
020610166 319 
020610168 392 
020610174 413 
020610175 323 
020610194 385 
020610201 298 
020610206 311 
020610207 484 
020610291 271 
020610302 405 
020610316 373 
020610328 264 
020610341 574 
020610343 469 
020890003 426 
020890037 317 
020890112 321 
020890134 287 
020890156 301 
020890165 324 
020890206 372 
020890207 319 
020890215 340 
020890219 310 
020890259 307 
020890260 351 
020890267 323 
020890274 459 
020890306 350 
020890313 326 
020890326 527 
020890340 331 
020890346 324 
020890371 303 
