020340016 2034
020340019 2034
020340029 2034
020340043 2034
020340055 2034
020340056 2034
020340063 2034
020340065 2034
020340071 2034
020340096 2034
020340098 2034
020340109 2034
020340113 2034
020340124 2034
020340140 2034
020340144 2034
020340156 2034
020340162 2034
020340166 2034
020340169 2034
020360017 2036
020360019 2036
020360036 2036
020360055 2036
020360089 2036
020360097 2036
020360100 2036
020360131 2036
020360136 2036
020360143 2036
020360202 2036
020360211 2036
020360220 2036
020360228 2036
020360245 2036
020360299 2036
020360301 2036
020360302 2036
020360312 2036
020360329 2036
020590022 2059
020590026 2059
020590047 2059
020590077 2059
020590103 2059
020590121 2059
020590122 2059
020590123 2059
020590144 2059
020590151 2059
020590164 2059
020590181 2059
020590228 2059
020590265 2059
020590274 2059
020590276 2059
020590290 2059
020590322 2059
020590359 2059
020590376 2059
020610010 2061
020610014 2061
020610061 2061
020610090 2061
020610122 2061
020610134 2061
020610166 2061
020610168 2061
020610174 2061
020610175 2061
020610194 2061
020610201 2061
020610206 2061
020610207 2061
020610291 2061
020610302 2061
020610316 2061
020610328 2061
020610341 2061
020610343 2061
020890003 2089
020890037 2089
020890112 2089
020890134 2089
020890156 2089
020890165 2089
020890206 2089
020890207 2089
020890215 2089
020890219 2089
020890259 2089
020890260 2089
020890267 2089
020890274 2089
020890306 2089
020890313 2089
020890326 2089
020890340 2089
020890346 2089
020890371 2089
