096040001 615 
096040002 586 
096040004 270 
096040005 679 
096040006 636 
096040007 578 
096040008 395 
096040009 354 
096040010 849 
096040011 786 
096040012 529 
096040014 774 
096040015 356 
096040016 730 
096040018 707 
096040019 543 
096040021 413 
096040023 863 
096040024 554 
096040025 456 
096060001 560 
096060002 520 
096060003 538 
096060004 334 
096060005 680 
096060006 1028 
096060007 422 
096060008 899 
096060009 941 
096060010 770 
096060011 579 
096060012 408 
096060013 554 
096060014 570 
096060015 617 
096060016 896 
096060017 743 
096060019 474 
096060020 630 
096060022 641 
096070002 530 
096070003 604 
096070005 726 
096070006 406 
096070007 609 
096070008 589 
096070011 539 
096070012 329 
096070013 818 
096070014 762 
096070015 680 
096070016 498 
096070017 620 
096070018 589 
096070019 452 
096070020 740 
096070021 610 
096070022 573 
096070023 645 
096070024 650 
096090001 1193 
096090003 1532 
096090005 966 
096090006 681 
096090007 1170 
096090008 1168 
096090010 1252 
096090011 1105 
096090014 839 
096090015 665 
096090017 1437 
096090018 693 
096090019 1123 
096090020 960 
096090021 1186 
096090023 1139 
096090024 928 
096090025 851 
096090026 506 
096090027 898 
096110001 516 
096110002 517 
096110003 374 
096110004 297 
096110005 521 
096110006 596 
096110008 331 
096110009 397 
096110011 481 
096110012 523 
096110013 290 
096110014 451 
096110015 567 
096110016 591 
096110017 623 
096110018 355 
096110019 495 
096110021 500 
096110022 434 
096110023 513 
