096040001 9604
096040002 9604
096040004 9604
096040005 9604
096040006 9604
096040007 9604
096040008 9604
096040009 9604
096040010 9604
096040011 9604
096040012 9604
096040014 9604
096040015 9604
096040016 9604
096040018 9604
096040019 9604
096040021 9604
096040023 9604
096040024 9604
096040025 9604
096060001 9606
096060002 9606
096060003 9606
096060004 9606
096060005 9606
096060006 9606
096060007 9606
096060008 9606
096060009 9606
096060010 9606
096060011 9606
096060012 9606
096060013 9606
096060014 9606
096060015 9606
096060016 9606
096060017 9606
096060019 9606
096060020 9606
096060022 9606
096070002 9607
096070003 9607
096070005 9607
096070006 9607
096070007 9607
096070008 9607
096070011 9607
096070012 9607
096070013 9607
096070014 9607
096070015 9607
096070016 9607
096070017 9607
096070018 9607
096070019 9607
096070020 9607
096070021 9607
096070022 9607
096070023 9607
096070024 9607
096090001 9609
096090003 9609
096090005 9609
096090006 9609
096090007 9609
096090008 9609
096090010 9609
096090011 9609
096090014 9609
096090015 9609
096090017 9609
096090018 9609
096090019 9609
096090020 9609
096090021 9609
096090023 9609
096090024 9609
096090025 9609
096090026 9609
096090027 9609
096110001 9611
096110002 9611
096110003 9611
096110004 9611
096110005 9611
096110006 9611
096110008 9611
096110009 9611
096110011 9611
096110012 9611
096110013 9611
096110014 9611
096110015 9611
096110016 9611
096110017 9611
096110018 9611
096110019 9611
096110021 9611
096110022 9611
096110023 9611
