096040001 6.174 
096040002 5.879 
096040004 2.717 
096040005 6.809 
096040006 6.378 
096040007 5.797 
096040008 3.97 
096040009 3.558 
096040010 8.505 
096040011 7.875 
096040012 5.311 
096040014 7.76 
096040015 3.584 
096040016 7.32 
096040018 7.09 
096040019 5.449 
096040021 4.146 
096040023 8.654 
096040024 5.557 
096040025 4.579 
096060001 5.62 
096060002 5.218 
096060003 5.4 
096060004 3.362 
096060005 6.822 
096060006 10.299 
096060007 4.242 
096060008 9.01 
096060009 9.43 
096060010 7.719 
096060011 5.81 
096060012 4.104 
096060013 5.56 
096060014 5.724 
096060015 6.19 
096060016 8.975 
096060017 7.453 
096060019 4.76 
096060020 6.315 
096060022 6.43 
096070002 5.324 
096070003 6.059 
096070005 7.28 
096070006 4.083 
096070007 6.109 
096070008 5.912 
096070011 5.408 
096070012 3.307 
096070013 8.198 
096070014 7.635 
096070015 6.815 
096070016 4.996 
096070017 6.22 
096070018 5.905 
096070019 4.543 
096070020 7.421 
096070021 6.12 
096070022 5.746 
096070023 6.47 
096070024 6.517 
096090001 11.945 
096090003 15.34 
096090005 9.68 
096090006 6.834 
096090007 11.72 
096090008 11.697 
096090010 12.539 
096090011 11.074 
096090014 8.41 
096090015 6.67 
096090017 14.39 
096090018 6.946 
096090019 11.254 
096090020 9.62 
096090021 11.878 
096090023 11.407 
096090024 9.302 
096090025 8.525 
096090026 5.08 
096090027 8.997 
096110001 5.183 
096110002 5.194 
096110003 3.764 
096110004 2.994 
096110005 5.225 
096110006 5.979 
096110008 3.334 
096110009 3.987 
096110011 4.829 
096110012 5.252 
096110013 2.917 
096110014 4.53 
096110015 5.688 
096110016 5.932 
096110017 6.25 
096110018 3.572 
096110019 4.966 
096110021 5.021 
096110022 4.363 
096110023 5.145 
