030210005 271 
030210032 320 
030210041 309 
030210042 506 
030210044 276 
030210045 239 
030210047 358 
030210050 232 
030210060 343 
030210074 311 
030210079 350 
030210082 265 
030210118 329 
030210123 238 
030210137 292 
030210143 351 
030210152 492 
030210164 372 
030210165 347 
030210175 291 
030230003 353 
030230018 272 
030230056 290 
030230060 502 
030230086 320 
030230092 421 
030230119 366 
030230170 357 
030230182 293 
030230194 347 
030230209 293 
030230253 277 
030230260 349 
030230276 283 
030230280 342 
030230311 286 
030230330 358 
030230336 291 
030230340 381 
030230374 296 
030460032 248 
030460038 417 
030460048 325 
030460051 244 
030460052 369 
030460071 296 
030460085 229 
030460097 549 
030460106 259 
030460110 300 
030460114 280 
030460126 218 
030460133 367 
030460142 418 
030460146 317 
030460147 474 
030460157 376 
030460158 251 
030460160 339 
030460163 239 
030490010 344 
030490013 270 
030490029 297 
030490040 367 
030490055 711 
030490062 307 
030490063 451 
030490071 427 
030490076 426 
030490078 335 
030490095 618 
030490126 236 
030490127 455 
030490130 229 
030490138 305 
030490140 279 
030490142 325 
030490166 633 
030490168 227 
030490170 256 
030680003 381 
030680005 391 
030680009 228 
030680016 341 
030680027 321 
030680034 224 
030680037 228 
030680045 331 
030680054 319 
030680056 330 
030680072 334 
030680075 298 
030680090 319 
030680092 303 
030680097 239 
030680105 248 
030680114 377 
030680119 279 
030680140 255 
030680162 460 
