030210005 3021
030210032 3021
030210041 3021
030210042 3021
030210044 3021
030210045 3021
030210047 3021
030210050 3021
030210060 3021
030210074 3021
030210079 3021
030210082 3021
030210118 3021
030210123 3021
030210137 3021
030210143 3021
030210152 3021
030210164 3021
030210165 3021
030210175 3021
030230003 3023
030230018 3023
030230056 3023
030230060 3023
030230086 3023
030230092 3023
030230119 3023
030230170 3023
030230182 3023
030230194 3023
030230209 3023
030230253 3023
030230260 3023
030230276 3023
030230280 3023
030230311 3023
030230330 3023
030230336 3023
030230340 3023
030230374 3023
030460032 3046
030460038 3046
030460048 3046
030460051 3046
030460052 3046
030460071 3046
030460085 3046
030460097 3046
030460106 3046
030460110 3046
030460114 3046
030460126 3046
030460133 3046
030460142 3046
030460146 3046
030460147 3046
030460157 3046
030460158 3046
030460160 3046
030460163 3046
030490010 3049
030490013 3049
030490029 3049
030490040 3049
030490055 3049
030490062 3049
030490063 3049
030490071 3049
030490076 3049
030490078 3049
030490095 3049
030490126 3049
030490127 3049
030490130 3049
030490138 3049
030490140 3049
030490142 3049
030490166 3049
030490168 3049
030490170 3049
030680003 3068
030680005 3068
030680009 3068
030680016 3068
030680027 3068
030680034 3068
030680037 3068
030680045 3068
030680054 3068
030680056 3068
030680072 3068
030680075 3068
030680090 3068
030680092 3068
030680097 3068
030680105 3068
030680114 3068
030680119 3068
030680140 3068
030680162 3068
