030210005 2.73 
030210032 3.22 
030210041 3.11 
030210042 5.08 
030210044 2.78 
030210045 2.41 
030210047 3.6 
030210050 2.34 
030210060 3.45 
030210074 3.13 
030210079 3.52 
030210082 2.67 
030210118 3.31 
030210123 2.396 
030210137 2.94 
030210143 3.53 
030210152 4.94 
030210164 3.74 
030210165 3.49 
030210175 2.93 
030230003 3.553 
030230018 2.742 
030230056 2.922 
030230060 5.04 
030230086 3.215 
030230092 4.232 
030230119 3.68 
030230170 3.586 
030230182 2.954 
030230194 3.492 
030230209 2.948 
030230253 2.793 
030230260 3.506 
030230276 2.852 
030230280 3.443 
030230311 2.875 
030230330 3.595 
030230336 2.931 
030230340 3.834 
030230374 2.978 
030460032 2.501 
030460038 4.19 
030460048 3.27 
030460051 2.46 
030460052 3.709 
030460071 2.98 
030460085 2.31 
030460097 5.51 
030460106 2.607 
030460110 3.02 
030460114 2.82 
030460126 2.2 
030460133 3.69 
030460142 4.2 
030460146 3.19 
030460147 4.76 
030460157 3.783 
030460158 2.53 
030460160 3.41 
030460163 2.41 
030490010 3.462 
030490013 2.715 
030490029 2.994 
030490040 3.686 
030490055 7.13 
030490062 3.09 
030490063 4.533 
030490071 4.292 
030490076 4.281 
030490078 3.366 
030490095 6.2 
030490126 2.38 
030490127 4.57 
030490130 2.31 
030490138 3.07 
030490140 2.81 
030490142 3.274 
030490166 6.35 
030490168 2.29 
030490170 2.58 
030680003 3.83 
030680005 3.93 
030680009 2.3 
030680016 3.43 
030680027 3.23 
030680034 2.26 
030680037 2.3 
030680045 3.33 
030680054 3.21 
030680056 3.32 
030680072 3.358 
030680075 3 
030680090 3.21 
030680092 3.05 
030680097 2.41 
030680105 2.504 
030680114 3.79 
030680119 2.81 
030680140 2.57 
030680162 4.622 
