010290003 2.899 
010290066 3.63 
010290094 2.2 
010290096 3.44 
010290123 3.51 
010290152 3.834 
010290179 2.68 
010290189 2.953 
010290229 2.852 
010290236 3.64 
010290252 3.25 
010290260 2.37 
010290276 2.99 
010290287 3 
010290294 2.79 
010290320 3.718 
010290330 3.37 
010290341 3.89 
010290361 3.14 
010290362 2.83 
010330026 3.64 
010330033 2.68 
010330035 3.21 
010330052 3.72 
010330053 4.14 
010330085 3.34 
010330103 3.2 
010330129 3.529 
010330139 4.529 
010330147 2.25 
010330197 3.62 
010330206 4.845 
010330235 2.669 
010330241 2.57 
010330257 3.31 
010330268 3.35 
010330277 4.16 
010330325 3.699 
010330345 2.424 
010330346 3.98 
010420022 3.486 
010420023 3.1 
010420025 2.69 
010420034 3.363 
010420040 3.376 
010420047 2.543 
010420059 3.26 
010420060 2.98 
010420064 2.44 
010420102 3.259 
010420105 3.931 
010420107 3.7 
010420129 3.41 
010420133 3.04 
010420134 3.253 
010420143 5.11 
010420151 2.22 
010420157 2.694 
010420167 3.51 
010420175 2.58 
010440006 3.62 
010440008 3.754 
010440012 3.39 
010440017 2.849 
010440038 3.52 
010440039 3.61 
010440053 5.37 
010440064 2.69 
010440077 3.41 
010440093 2.61 
010440099 2.05 
010440106 3.69 
010440107 4.67 
010440117 3.17 
010440119 3.399 
010440120 2.87 
010440127 3.18 
010440149 2.62 
010440150 2.47 
010440154 1.88 
010640005 4.262 
010640017 5.061 
010640028 5.578 
010640034 4.53 
010640036 4.807 
010640056 4.41 
010640082 3.643 
010640098 2.896 
010640166 4.965 
010640210 4.363 
010640212 3.649 
010640242 2.773 
010640250 3.631 
010640277 2.842 
010640280 4.693 
010640284 2.791 
010640286 2.639 
010640297 4.374 
010640314 3.373 
010640366 6.25 
