010290003 288 
010290066 361 
010290094 218 
010290096 342 
010290123 349 
010290152 381 
010290179 266 
010290189 293 
010290229 283 
010290236 362 
010290252 323 
010290260 235 
010290276 297 
010290287 298 
010290294 277 
010290320 370 
010290330 335 
010290341 387 
010290361 312 
010290362 281 
010330026 362 
010330033 266 
010330035 319 
010330052 370 
010330053 412 
010330085 332 
010330103 318 
010330129 351 
010330139 451 
010330147 223 
010330197 360 
010330206 483 
010330235 265 
010330241 255 
010330257 329 
010330268 333 
010330277 414 
010330325 368 
010330345 240 
010330346 396 
010420022 347 
010420023 308 
010420025 267 
010420034 334 
010420040 336 
010420047 252 
010420059 324 
010420060 296 
010420064 242 
010420102 324 
010420105 391 
010420107 368 
010420129 339 
010420133 302 
010420134 323 
010420143 509 
010420151 220 
010420157 267 
010420167 349 
010420175 256 
010440006 360 
010440008 373 
010440012 337 
010440017 283 
010440038 350 
010440039 359 
010440053 535 
010440064 267 
010440077 339 
010440093 259 
010440099 203 
010440106 367 
010440107 465 
010440117 315 
010440119 338 
010440120 285 
010440127 316 
010440149 260 
010440150 245 
010440154 186 
010640005 424 
010640017 504 
010640028 556 
010640034 451 
010640036 479 
010640056 439 
010640082 362 
010640098 288 
010640166 495 
010640210 434 
010640212 363 
010640242 275 
010640250 361 
010640277 282 
010640280 467 
010640284 277 
010640286 262 
010640297 435 
010640314 335 
010640366 623 
