010290003 1029
010290066 1029
010290094 1029
010290096 1029
010290123 1029
010290152 1029
010290179 1029
010290189 1029
010290229 1029
010290236 1029
010290252 1029
010290260 1029
010290276 1029
010290287 1029
010290294 1029
010290320 1029
010290330 1029
010290341 1029
010290361 1029
010290362 1029
010330026 1033
010330033 1033
010330035 1033
010330052 1033
010330053 1033
010330085 1033
010330103 1033
010330129 1033
010330139 1033
010330147 1033
010330197 1033
010330206 1033
010330235 1033
010330241 1033
010330257 1033
010330268 1033
010330277 1033
010330325 1033
010330345 1033
010330346 1033
010420022 1042
010420023 1042
010420025 1042
010420034 1042
010420040 1042
010420047 1042
010420059 1042
010420060 1042
010420064 1042
010420102 1042
010420105 1042
010420107 1042
010420129 1042
010420133 1042
010420134 1042
010420143 1042
010420151 1042
010420157 1042
010420167 1042
010420175 1042
010440006 1044
010440008 1044
010440012 1044
010440017 1044
010440038 1044
010440039 1044
010440053 1044
010440064 1044
010440077 1044
010440093 1044
010440099 1044
010440106 1044
010440107 1044
010440117 1044
010440119 1044
010440120 1044
010440127 1044
010440149 1044
010440150 1044
010440154 1044
010640005 1064
010640017 1064
010640028 1064
010640034 1064
010640036 1064
010640056 1064
010640082 1064
010640098 1064
010640166 1064
010640210 1064
010640212 1064
010640242 1064
010640250 1064
010640277 1064
010640280 1064
010640284 1064
010640286 1064
010640297 1064
010640314 1064
010640366 1064
