023800015 2380
023800042 2380
023800056 2380
023800093 2380
023800114 2380
023800124 2380
023800160 2380
023800186 2380
023800242 2380
023800260 2380
023800277 2380
023800278 2380
023800280 2380
023800298 2380
023800326 2380
023800330 2380
023800338 2380
023800352 2380
023800363 2380
023800368 2380
024020047 2402
024020051 2402
024020053 2402
024020069 2402
024020084 2402
024020142 2402
024020158 2402
024020175 2402
024020176 2402
024020205 2402
024020233 2402
024020238 2402
024020253 2402
024020256 2402
024020260 2402
024020265 2402
024020291 2402
024020321 2402
024020328 2402
024020337 2402
024270011 2427
024270019 2427
024270028 2427
024270051 2427
024270053 2427
024270057 2427
024270077 2427
024270127 2427
024270155 2427
024270168 2427
024270176 2427
024270178 2427
024270183 2427
024270197 2427
024270206 2427
024270245 2427
024270270 2427
024270292 2427
024270313 2427
024270336 2427
024300001 2430
024300052 2430
024300061 2430
024300063 2430
024300065 2430
024300068 2430
024300080 2430
024300082 2430
024300093 2430
024300099 2430
024300118 2430
024300131 2430
024300132 2430
024300135 2430
024300189 2430
024300221 2430
024300270 2430
024300330 2430
024300345 2430
024300360 2430
024500006 2450
024500021 2450
024500033 2450
024500095 2450
024500126 2450
024500139 2450
024500141 2450
024500147 2450
024500151 2450
024500156 2450
024500164 2450
024500228 2450
024500250 2450
024500268 2450
024500284 2450
024500317 2450
024500327 2450
024500333 2450
024500350 2450
024500363 2450
