023800015 3.365 
023800042 4.375 
023800056 3.278 
023800093 3.929 
023800114 4.261 
023800124 3.502 
023800160 2.833 
023800186 2.539 
023800242 3.953 
023800260 3.621 
023800277 3.048 
023800278 3.957 
023800280 3.148 
023800298 4.369 
023800326 3.48 
023800330 4.598 
023800338 4.22 
023800352 3.257 
023800363 3.677 
023800368 2.825 
024020047 2.65 
024020051 4.63 
024020053 2.49 
024020069 5.36 
024020084 3.29 
024020142 4.49 
024020158 3.526 
024020175 2.91 
024020176 4.02 
024020205 2.34 
024020233 4.15 
024020238 5.06 
024020253 5.193 
024020256 2.61 
024020260 3.44 
024020265 2.68 
024020291 3.865 
024020321 2.682 
024020328 4.28 
024020337 4.226 
024270011 4.65 
024270019 3.477 
024270028 5.536 
024270051 4.047 
024270053 3.371 
024270057 3.787 
024270077 2.84 
024270127 3.009 
024270155 2.884 
024270168 2.461 
024270176 2.843 
024270178 2.85 
024270183 3.057 
024270197 3.743 
024270206 3.39 
024270245 3.529 
024270270 3.613 
024270292 3.034 
024270313 2.05 
024270336 2.454 
024300001 3.364 
024300052 4.698 
024300061 2.317 
024300063 3.018 
024300065 3.544 
024300068 6.283 
024300080 2.27 
024300082 5.466 
024300093 3.907 
024300099 4.232 
024300118 3.498 
024300131 3.089 
024300132 3.721 
024300135 4.25 
024300189 3.249 
024300221 3.176 
024300270 2.726 
024300330 3.397 
024300345 3.466 
024300360 3.51 
024500006 2.712 
024500021 4.66 
024500033 3.83 
024500095 4.2 
024500126 2.351 
024500139 3.086 
024500141 3.366 
024500147 3.189 
024500151 2.99 
024500156 3.102 
024500164 3.122 
024500228 3.614 
024500250 3.292 
024500268 4.477 
024500284 4.204 
024500317 3.446 
024500327 2.834 
024500333 2.751 
024500350 3.29 
024500363 3.36 
