023800015 335 
023800042 436 
023800056 326 
023800093 391 
023800114 424 
023800124 348 
023800160 281 
023800186 252 
023800242 393 
023800260 360 
023800277 303 
023800278 394 
023800280 313 
023800298 435 
023800326 346 
023800330 458 
023800338 420 
023800352 324 
023800363 366 
023800368 281 
024020047 263 
024020051 461 
024020053 247 
024020069 534 
024020084 327 
024020142 447 
024020158 351 
024020175 289 
024020176 400 
024020205 232 
024020233 413 
024020238 504 
024020253 517 
024020256 259 
024020260 342 
024020265 266 
024020291 385 
024020321 266 
024020328 426 
024020337 421 
024270011 463 
024270019 346 
024270028 552 
024270051 403 
024270053 335 
024270057 377 
024270077 282 
024270127 299 
024270155 286 
024270168 244 
024270176 282 
024270178 283 
024270183 304 
024270197 372 
024270206 337 
024270245 351 
024270270 359 
024270292 301 
024270313 203 
024270336 243 
024300001 334 
024300052 468 
024300061 230 
024300063 300 
024300065 352 
024300068 626 
024300080 225 
024300082 545 
024300093 389 
024300099 421 
024300118 348 
024300131 307 
024300132 370 
024300135 423 
024300189 323 
024300221 316 
024300270 271 
024300330 338 
024300345 345 
024300360 349 
024500006 269 
024500021 464 
024500033 381 
024500095 418 
024500126 233 
024500139 307 
024500141 335 
024500147 317 
024500151 297 
024500156 308 
024500164 310 
024500228 359 
024500250 327 
024500268 446 
024500284 418 
024500317 343 
024500327 281 
024500333 273 
024500350 327 
024500363 334 
