000010011 [ 38 0 ] [ 20 0 ] [ 22 0 ] [ 6 0 ] [ 23 -1.939643 ] [ 19 0 ] [ 33 0 ] [ 9 0 ] [ 13 0 ] [ 30 -2.057285 ] 
000010035 [ 40 0 ] [ 19 -1.141473 ] [ 30 -2.143233 ] [ 27 -0.6486901 ] [ 34 -6.987552 ] [ 30 -1.641003 ] [ 20 -0.4825017 ] [ 16 0 ] [ 8 0 ] [ 37 0 ] [ 38 0 ] [ 5 -1.221453 ] [ 25 -0.441337 ] 
000010053 [ 34 -5.753102 ] [ 30 -1.609904 ] [ 20 0 ] [ 33 0 ] [ 36 0 ] [ 33 0 ] [ 36 0 ] [ 31 0 ] [ 13 -1.461967 ] [ 37 -4.261197 ] [ 25 0 ] 
000010063 [ 13 -1.258772 ] [ 23 0 ] [ 19 -1.739599 ] [ 16 0 ] [ 5 -1.283273 ] [ 25 0 ] [ 33 -0.2074909 ] [ 31 0 ] [ 33 0 ] [ 8 0 ] [ 17 0 ] [ 36 0 ] [ 31 0 ] 
000010069 [ 33 0 ] [ 3 -0.740003 ] [ 24 -0.8452775 ] [ 17 0 ] [ 19 -0.4992895 ] [ 37 -0.1052357 ] [ 40 -1.899301 ] [ 5 -3.487068 ] [ 29 0 ] [ 9 0 ] [ 3 -2.196066 ] [ 22 0 ] [ 31 0 ] [ 19 -0.4684362 ] [ 26 0 ] 
000010075 [ 18 0 ] [ 20 0 ] [ 18 0 ] [ 15 0 ] [ 33 0 ] [ 31 -0.2949629 ] [ 32 0 ] [ 36 0 ] [ 33 -0.6122413 ] [ 19 0 ] [ 26 -1.029974 ] 
000010089 [ 24 0 ] [ 4 0 ] [ 25 0 ] [ 11 0 ] [ 20 0 ] [ 18 0 ] [ 4 0 ] [ 40 0 ] [ 5 -0.5382839 ] [ 9 0 ] [ 19 0 ] [ 17 -2.157337 ] [ 3 -1.088048 ] [ 30 -1.037296 ] [ 24 0 ] 
000010095 [ 23 0 ] [ 35 -2.250148 ] [ 22 0 ] [ 4 -1.343105 ] [ 33 -4.956524 ] [ 4 0 ] [ 25 0 ] [ 40 -1.729912 ] [ 29 0 ] [ 4 -2.753745 ] [ 25 0 ] [ 33 -0.06431174 ] [ 31 0 ] 
000010106 [ 38 0 ] [ 5 0 ] [ 33 0 ] [ 5 0 ] [ 9 0 ] [ 7 -0.5835315 ] [ 33 -1.528048 ] [ 12 0 ] [ 5 0 ] [ 9 0 ] [ 5 0 ] [ 31 0 ] 
000010113 [ 12 0 ] [ 13 0 ] [ 25 0 ] [ 18 -2.768609 ] [ 20 0 ] [ 38 0 ] [ 13 -0.5787657 ] [ 25 0 ] [ 33 0 ] [ 33 0 ] [ 36 0 ] [ 34 -4.78207 ] [ 20 -3.582799 ] [ 24 -0.7901548 ] [ 29 0 ] [ 3 -1.341722 ] [ 30 -2.636218 ] [ 22 0 ] 
000010115 [ 23 -0.2504444 ] [ 13 0 ] [ 33 -3.506193 ] [ 31 -0.006660938 ] [ 17 0 ] [ 27 0 ] [ 33 0 ] [ 36 -0.8386955 ] [ 12 -3.041595 ] [ 5 -0.1370053 ] [ 30 0 ] [ 13 0 ] [ 31 0 ] [ 33 0 ] [ 30 -0.00750351 ] [ 36 0 ] [ 24 0 ] 
000010121 [ 12 -0.04499698 ] [ 13 0 ] [ 25 -0.4799904 ] [ 24 0 ] [ 8 0 ] [ 22 0 ] [ 38 -3.749267 ] [ 6 0 ] [ 22 0 ] [ 31 0 ] [ 33 0 ] [ 36 0 ] [ 22 0 ] [ 6 -7.537895 ] [ 16 -0.2810005 ] [ 20 -0.7566581 ] 
000010122 [ 31 0 ] [ 27 0 ] [ 24 0 ] [ 4 -6.689359 ] [ 30 0 ] [ 19 -3.248653 ] [ 38 0 ] [ 13 0 ] [ 25 0 ] [ 33 0 ] [ 3 -1.645001 ] [ 25 0 ] [ 33 0 ] [ 36 0 ] [ 31 0 ] [ 33 0 ] [ 5 -1.056968 ] [ 11 0 ] [ 20 0 ] 
000010133 [ 22 0 ] [ 13 -2.158063 ] [ 33 0 ] [ 17 0 ] [ 3 -7.184446 ] [ 33 -3.512289 ] [ 12 -0.7166365 ] [ 5 -0.1199248 ] [ 33 0 ] [ 5 0 ] [ 24 0 ] [ 15 -6.741593 ] [ 33 0 ] [ 27 0 ] 
000010135 [ 33 0 ] [ 20 -1.331322 ] [ 25 0 ] [ 5 0 ] [ 23 0 ] [ 5 -0.7308006 ] [ 37 0 ] [ 40 -1.679166 ] [ 13 -1.079144 ] [ 17 -3.154629 ] [ 29 -2.050005 ] [ 23 0 ] [ 4 -1.633757 ] [ 25 0 ] [ 33 0 ] 
000010140 [ 11 -1.667087 ] [ 6 0 ] [ 30 0 ] [ 5 0 ] [ 19 0 ] [ 40 0 ] [ 25 0 ] [ 3 0 ] [ 33 0 ] [ 5 -1.07897 ] [ 22 0 ] [ 23 0 ] [ 20 -2.465821 ] [ 25 0 ] [ 14 0 ] 
000010145 [ 24 0 ] [ 3 -1.019379 ] [ 30 -0.02384686 ] [ 22 -0.8775285 ] [ 23 0 ] [ 19 0 ] [ 37 0 ] [ 11 0 ] [ 19 0 ] [ 25 0 ] [ 25 0 ] [ 36 0 ] [ 39 0 ] [ 6 -0.9649684 ] [ 22 0 ] 
000010149 [ 9 0 ] [ 3 -5.52096 ] [ 9 -3.192039 ] [ 23 0 ] [ 19 0 ] [ 37 -3.665675 ] [ 40 -2.592997 ] [ 19 0 ] [ 25 -1.991801 ] [ 22 0 ] [ 8 -7.18047 ] [ 30 0 ] [ 27 -2.568032 ] [ 25 0 ] [ 7 0 ] 
000010168 [ 9 0 ] [ 8 0 ] 
000010173 [ 33 0 ] [ 30 0 ] [ 20 0 ] [ 40 0 ] 
000050003 [ 24 0 ] [ 8 0 ] [ 22 0 ] [ 23 -0.4630625 ] [ 8 0 ] [ 22 0 ] [ 31 0 ] [ 12 -6.161768 ] [ 5 -1.29932 ] [ 38 0 ] [ 8 0 ] [ 33 0 ] [ 38 0 ] [ 5 -2.936934 ] [ 25 -5.326995 ] 
000050010 [ 19 -0.6850202 ] [ 33 0 ] [ 31 -1.835923 ] [ 25 0 ] [ 15 0 ] [ 24 0 ] [ 19 -1.049155 ] [ 40 -1.71055 ] [ 31 0 ] [ 15 -0.6118279 ] 
000050024 [ 9 0 ] [ 19 0 ] [ 23 0 ] [ 20 -0.2677735 ] [ 23 -2.874278 ] [ 5 -1.941603 ] [ 37 0 ] [ 40 -1.351458 ] [ 5 -6.766245 ] [ 24 0 ] [ 13 0 ] [ 30 0 ] [ 19 -0.3291237 ] [ 22 -2.039938 ] [ 5 -1.504162 ] 
000050028 [ 33 0 ] [ 36 0 ] [ 33 -3.836632 ] [ 36 0 ] [ 15 0 ] [ 33 0 ] [ 31 0 ] [ 13 0 ] [ 37 -7.162947 ] [ 25 -5.220232 ] 
000050038 [ 16 0 ] [ 6 0 ] [ 30 -4.446194 ] [ 16 0 ] [ 8 0 ] [ 37 0 ] [ 16 0 ] [ 6 0 ] [ 30 0 ] [ 31 0 ] [ 13 0 ] [ 37 -5.858244 ] [ 25 -5.489372 ] 
000050040 [ 16 0 ] [ 8 -2.739614 ] [ 37 0 ] [ 34 -3.177367 ] [ 30 0 ] [ 20 -2.475124 ] [ 25 0 ] [ 8 -0.096241 ] [ 25 -5.562026 ] [ 40 0 ] [ 19 -1.988028 ] [ 5 -3.628169 ] [ 27 -2.134219 ] 
000050047 [ 31 0 ] [ 19 -2.732272 ] [ 22 -3.267687 ] [ 31 0 ] [ 16 0 ] [ 8 0 ] [ 37 0 ] [ 34 -1.452426 ] [ 30 0 ] [ 20 -1.478432 ] 
000050049 [ 33 0 ] [ 36 0 ] [ 16 0 ] [ 8 -2.232731 ] [ 37 -1.728848 ] [ 15 -0.05676055 ] [ 33 0 ] 
000050055 [ 38 -0.0688895 ] [ 20 -0.4376853 ] [ 23 0 ] [ 13 0 ] [ 31 0 ] [ 24 0 ] [ 20 0 ] [ 33 0 ] 
000050078 [ 11 0 ] [ 27 0 ] [ 31 0 ] [ 24 0 ] [ 8 -1.509119 ] [ 22 -1.963413 ] [ 23 0 ] [ 8 0 ] [ 22 -6.736735 ] [ 12 -1.765122 ] [ 5 -2.402952 ] [ 18 0 ] [ 4 -1.257416 ] [ 24 0 ] [ 9 0 ] [ 14 0 ] [ 17 0 ] [ 14 0 ] 
000050079 [ 4 -2.999443 ] [ 25 0 ] [ 19 -3.711692 ] [ 38 -0.6008734 ] [ 3 -0.9750521 ] [ 25 0 ] [ 33 0 ] [ 18 -1.942449 ] [ 4 -2.035351 ] [ 37 0 ] [ 31 0 ] [ 5 -0.6041794 ] [ 24 0 ] [ 29 -4.202843 ] [ 30 0 ] [ 19 -1.046964 ] [ 33 -2.058174 ] [ 20 -1.017812 ] [ 31 0 ] 
000050083 [ 22 -0.0615648 ] [ 13 -2.237574 ] [ 20 -4.541337 ] [ 33 0 ] [ 40 0 ] [ 17 -2.566229 ] [ 3 -5.85404 ] [ 33 -5.505364 ] [ 31 0 ] [ 5 -0.01211154 ] [ 24 -3.528342 ] [ 17 -11.98079 ] [ 30 -1.635439 ] [ 15 -7.27293 ] 
000050095 [ 23 0 ] [ 35 -0.6141477 ] [ 22 0 ] [ 4 -3.708224 ] [ 33 -6.494779 ] [ 21 0 ] [ 3 -1.068626 ] [ 25 -5.322412 ] [ 40 -0.8573498 ] [ 31 0 ] [ 38 -2.851406 ] [ 13 -2.604723 ] [ 33 0 ] [ 14 0 ] 
000050099 [ 33 0 ] [ 19 -0.7885379 ] [ 24 0 ] [ 18 0 ] [ 4 0 ] [ 40 -2.607471 ] [ 5 -1.751566 ] [ 9 0 ] [ 39 0 ] [ 36 0 ] [ 33 -7.971206 ] [ 19 -5.642998 ] [ 16 0 ] [ 23 -4.860033 ] [ 33 0 ] [ 13 0 ] [ 23 -4.989192 ] 
000050100 [ 21 0 ] [ 19 -2.73235 ] [ 24 -0.09183657 ] [ 23 -1.3555 ] [ 8 -4.690979 ] [ 22 0 ] [ 31 0 ] [ 39 0 ] [ 14 -2.943272 ] [ 9 -1.082022 ] [ 23 0 ] [ 36 -4.072188 ] [ 32 0 ] [ 6 -2.494864 ] [ 30 0 ] 
000050114 [ 4 -1.285205 ] [ 25 -0.5092355 ] [ 19 -2.856953 ] [ 38 -2.861098 ] [ 13 -4.311447 ] [ 25 0 ] [ 33 -0.1061337 ] [ 38 -2.359021 ] [ 6 -1.365989 ] [ 22 0 ] [ 19 -1.830266 ] [ 26 -3.041117 ] [ 12 0 ] [ 13 -0.4575495 ] [ 24 -4.23804 ] [ 29 0 ] [ 3 0 ] [ 30 -0.7851713 ] [ 22 -2.734158 ] 
000050118 [ 23 -0.624702 ] [ 15 -4.718112 ] [ 23 0 ] [ 3 -0.9657556 ] [ 22 0 ] [ 4 0 ] [ 25 0 ] [ 31 0 ] [ 20 -1.192639 ] [ 12 -8.151337 ] [ 5 0 ] [ 18 0 ] [ 27 0 ] [ 24 0 ] [ 33 0 ] [ 7 -6.078955 ] [ 25 -0.3687866 ] 
000050122 [ 31 0 ] [ 27 -0.1368257 ] [ 33 0 ] [ 20 0 ] [ 25 0 ] [ 5 -1.91405 ] [ 38 0 ] [ 13 -6.092099 ] [ 25 0 ] [ 33 0 ] [ 3 -0.8253804 ] [ 25 0 ] [ 33 0 ] [ 36 0 ] [ 38 0 ] [ 3 -1.415622 ] [ 32 0 ] [ 30 0 ] [ 36 0 ] [ 24 0 ] 
000050174 [ 6 0 ] [ 23 -1.651672 ] [ 38 0 ] [ 19 -3.002519 ] [ 34 0 ] [ 18 0 ] [ 19 -0.5024849 ] [ 24 0 ] 
000050175 [ 17 0 ] [ 35 -3.404128 ] [ 11 0 ] [ 21 0 ] [ 3 -2.260046 ] [ 9 -6.24559 ] 
000060015 [ 21 0 ] [ 15 0 ] [ 24 0 ] [ 20 0 ] [ 19 0 ] [ 40 0 ] [ 17 0 ] [ 27 0 ] [ 19 0 ] [ 26 0 ] [ 33 0 ] [ 36 0 ] [ 31 0 ] [ 20 0 ] [ 18 0 ] [ 13 0 ] [ 25 0 ] 
000060020 [ 11 0 ] [ 6 0 ] [ 30 0 ] [ 5 0 ] [ 19 0 ] [ 40 0 ] [ 22 0 ] [ 5 0 ] [ 24 0 ] [ 16 0 ] [ 30 0 ] [ 5 0 ] [ 24 0 ] [ 21 0 ] [ 5 0 ] [ 29 0 ] [ 4 0 ] [ 25 0 ] 
000060029 [ 31 0 ] [ 19 0 ] [ 22 0 ] [ 31 0 ] [ 38 0 ] [ 5 0 ] [ 25 0 ] [ 31 0 ] [ 19 0 ] [ 22 0 ] [ 31 0 ] [ 40 0 ] [ 19 0 ] [ 30 0 ] [ 27 -1.01284 ] 
000060031 [ 16 0 ] [ 8 0 ] [ 37 0 ] [ 33 0 ] [ 36 0 ] [ 16 0 ] [ 6 0 ] [ 30 0 ] [ 31 0 ] [ 13 -5.743261 ] [ 37 -2.968455 ] [ 25 0 ] 
000060049 [ 40 0 ] [ 19 -0.6060988 ] [ 30 0 ] [ 27 0 ] [ 34 0 ] [ 30 0 ] [ 20 0 ] [ 16 0 ] [ 8 0 ] [ 37 0 ] 
000060056 [ 16 0 ] [ 27 0 ] [ 25 -0.4352449 ] [ 29 0 ] [ 3 0 ] [ 30 0 ] [ 33 -0.5509975 ] [ 31 0 ] [ 33 0 ] [ 19 -0.2422982 ] [ 22 0 ] [ 19 0 ] [ 33 0 ] [ 31 0 ] 
000060077 [ 4 0 ] [ 25 0 ] [ 15 0 ] [ 33 -5.348396 ] [ 5 0 ] [ 23 0 ] [ 19 0 ] [ 33 0 ] [ 23 -5.613728 ] [ 11 0 ] [ 6 0 ] [ 17 -0.2135701 ] 
000060081 [ 11 0 ] [ 5 0 ] [ 40 0 ] [ 23 0 ] [ 15 0 ] [ 23 0 ] [ 3 0 ] [ 23 0 ] [ 8 0 ] [ 22 0 ] [ 12 0 ] [ 5 0 ] [ 21 0 ] [ 4 0 ] [ 24 0 ] 
000060082 [ 22 0 ] [ 13 -5.594875 ] [ 33 0 ] [ 23 0 ] [ 8 0 ] [ 22 0 ] [ 31 0 ] [ 23 0 ] [ 4 0 ] [ 24 0 ] 
000060083 [ 24 0 ] [ 3 0 ] [ 30 0 ] [ 22 0 ] [ 17 0 ] [ 3 0 ] [ 33 -0.6787463 ] [ 31 0 ] [ 5 0 ] [ 24 0 ] [ 25 0 ] [ 36 0 ] [ 11 -0.04609489 ] [ 23 0 ] [ 40 0 ] 
000060094 [ 33 0 ] [ 3 0 ] [ 24 0 ] [ 23 0 ] [ 8 0 ] [ 22 0 ] [ 31 0 ] [ 12 0 ] [ 5 0 ] [ 27 0 ] [ 23 -0.05592382 ] [ 11 0 ] [ 31 0 ] [ 38 0 ] [ 13 -4.380654 ] [ 33 0 ] [ 14 0 ] 
000060102 [ 9 0 ] [ 3 0 ] [ 9 0 ] [ 25 0 ] [ 20 0 ] [ 11 -6.54147 ] [ 40 0 ] [ 25 0 ] [ 36 0 ] [ 9 0 ] [ 36 0 ] [ 33 0 ] [ 31 0 ] 
000060106 [ 33 0 ] [ 3 0 ] [ 24 0 ] [ 22 0 ] [ 4 -0.2488621 ] [ 25 0 ] [ 31 0 ] [ 20 0 ] [ 12 0 ] [ 5 0 ] [ 24 0 ] [ 27 0 ] [ 33 0 ] [ 14 0 ] [ 31 0 ] [ 8 0 ] [ 22 0 ] [ 23 -1.202189 ] 
000060111 [ 18 0 ] [ 20 0 ] [ 23 0 ] [ 13 0 ] [ 16 0 ] [ 33 0 ] [ 12 0 ] [ 5 0 ] [ 16 0 ] [ 30 0 ] [ 36 0 ] [ 33 -1.64622 ] [ 31 0 ] [ 33 0 ] [ 4 0 ] [ 25 0 ] [ 11 0 ] 
000060113 [ 23 0 ] [ 13 0 ] [ 33 -0.7626364 ] [ 31 0 ] [ 17 0 ] [ 27 0 ] [ 33 0 ] [ 36 0 ] [ 12 0 ] [ 5 0 ] [ 21 0 ] [ 19 -0.1098665 ] [ 24 0 ] 
000060116 [ 31 0 ] [ 27 0 ] [ 24 0 ] [ 3 0 ] [ 30 0 ] [ 22 0 ] [ 38 0 ] [ 13 0 ] [ 25 0 ] [ 33 0 ] [ 36 0 ] [ 12 0 ] [ 5 0 ] [ 29 0 ] [ 13 0 ] [ 33 -1.028982 ] [ 32 0 ] [ 3 0 ] [ 29 0 ] 
000060124 [ 31 0 ] [ 27 0 ] [ 4 0 ] [ 23 0 ] [ 19 -3.172268 ] [ 31 0 ] [ 38 0 ] [ 13 0 ] [ 25 0 ] [ 33 -0.8396555 ] [ 3 -2.589593 ] [ 25 0 ] [ 33 -0.8572145 ] [ 36 0 ] [ 37 0 ] [ 19 -2.225979 ] [ 23 -6.857112 ] [ 19 -3.199317 ] [ 21 0 ] 
000060130 [ 25 0 ] [ 27 0 ] [ 12 0 ] [ 4 0 ] [ 33 -0.1228361 ] [ 31 0 ] [ 33 0 ] [ 5 0 ] [ 24 0 ] [ 15 0 ] [ 33 0 ] [ 27 0 ] 
000060136 [ 8 0 ] [ 24 0 ] [ 25 0 ] [ 3 0 ] [ 33 0 ] [ 5 0 ] [ 4 0 ] [ 22 0 ] [ 33 0 ] [ 14 0 ] 
000060153 [ 38 0 ] [ 5 0 ] [ 33 0 ] [ 23 0 ] [ 5 0 ] [ 37 0 ] [ 23 0 ] [ 20 0 ] [ 22 0 ] [ 23 0 ] [ 20 0 ] [ 25 0 ] [ 33 -0.5366978 ] [ 20 0 ] [ 34 0 ] 
000260001 [ 23 0 ] [ 15 -3.468454 ] [ 23 0 ] [ 3 -3.054796 ] [ 23 0 ] [ 5 -4.21194 ] [ 37 -5.038904 ] [ 9 0 ] [ 30 0 ] [ 7 -2.503913 ] [ 25 -1.07804 ] 
000260011 [ 4 0 ] [ 25 0 ] [ 11 0 ] [ 19 -4.666445 ] [ 22 0 ] [ 4 -4.620918 ] [ 25 0 ] [ 31 0 ] [ 20 0 ] [ 12 0 ] [ 5 0 ] [ 18 0 ] [ 13 -1.444046 ] [ 25 0 ] 
000260015 [ 21 0 ] [ 5 -4.137106 ] [ 25 -4.147418 ] [ 19 0 ] [ 40 -0.7870307 ] [ 17 0 ] [ 27 0 ] [ 19 0 ] [ 26 -0.3211261 ] [ 33 0 ] [ 36 0 ] [ 31 0 ] [ 20 0 ] [ 22 0 ] [ 7 0 ] 
000260032 [ 38 0 ] [ 5 -0.1312832 ] [ 25 -0.9841001 ] [ 38 0 ] [ 5 0 ] [ 25 -2.605403 ] [ 40 -0.3792123 ] [ 19 0 ] [ 14 -2.395405 ] [ 27 0 ] [ 15 0 ] [ 33 -0.6055987 ] 
000260033 [ 34 -0.0997386 ] [ 30 0 ] [ 20 0 ] [ 38 0 ] [ 5 0 ] [ 25 -0.3877664 ] [ 31 0 ] [ 13 0 ] [ 37 -0.4639863 ] [ 25 0 ] [ 25 0 ] [ 8 0 ] [ 25 -4.09984 ] 
000260039 [ 15 0 ] [ 33 0 ] [ 40 -2.818108 ] [ 19 -2.768973 ] [ 14 -0.6170897 ] [ 27 0 ] [ 31 0 ] [ 19 -0.6848911 ] [ 22 0 ] [ 31 0 ] [ 33 0 ] [ 36 0 ] 
000260048 [ 34 0 ] [ 30 0 ] [ 20 -0.3602406 ] [ 40 0 ] [ 19 -1.514352 ] [ 14 -2.821896 ] [ 27 -0.6094836 ] [ 15 0 ] [ 33 0 ] [ 31 0 ] [ 13 -1.077093 ] [ 37 -1.18496 ] [ 25 0 ] 
000260050 [ 40 -6.341838 ] [ 19 0 ] [ 14 0 ] [ 27 -0.1401598 ] [ 15 0 ] [ 33 0 ] [ 34 -4.506598 ] [ 30 0 ] [ 20 0 ] [ 38 0 ] [ 5 -1.767523 ] [ 25 0 ] 
000260052 [ 31 0 ] [ 19 -2.344555 ] [ 22 0 ] [ 31 0 ] [ 15 0 ] [ 33 0 ] [ 31 0 ] [ 19 -1.545312 ] [ 22 0 ] [ 31 0 ] [ 31 0 ] [ 13 0 ] [ 37 -4.8632 ] [ 25 0 ] 
000260069 [ 33 0 ] [ 13 -6.98777 ] [ 11 -10.30982 ] [ 20 0 ] [ 17 0 ] [ 19 -2.598394 ] [ 37 0 ] [ 40 -0.2947729 ] [ 5 -0.9199566 ] [ 29 -0.7140918 ] [ 32 0 ] [ 36 0 ] [ 33 0 ] [ 19 0 ] [ 26 0 ] 
000260075 [ 18 0 ] [ 20 0 ] [ 23 0 ] [ 8 0 ] [ 22 0 ] [ 31 0 ] [ 30 0 ] [ 15 0 ] [ 31 -5.472192 ] [ 19 0 ] [ 26 0 ] 
000260091 [ 11 0 ] [ 6 0 ] [ 30 0 ] [ 5 -0.5268624 ] [ 23 0 ] [ 8 0 ] [ 22 -2.976664 ] [ 31 -1.770996 ] [ 39 -1.659207 ] [ 35 -0.5448605 ] [ 5 -4.165991 ] [ 30 0 ] [ 13 -2.353775 ] [ 11 0 ] [ 21 0 ] [ 20 -1.876437 ] [ 25 -2.544744 ] [ 40 0 ] 
000260095 [ 9 0 ] [ 5 -4.858841 ] [ 9 -2.803803 ] [ 23 0 ] [ 5 -1.537256 ] [ 37 -2.589074 ] [ 40 -4.21893 ] [ 12 0 ] [ 5 0 ] [ 25 0 ] [ 39 0 ] [ 36 0 ] [ 22 0 ] [ 23 0 ] [ 5 -4.228462 ] [ 34 -10.48308 ] 
000260096 [ 21 0 ] [ 5 -3.912293 ] [ 25 -3.36134 ] [ 25 -0.1683214 ] [ 20 0 ] [ 11 0 ] [ 40 0 ] [ 25 0 ] [ 39 0 ] [ 36 0 ] [ 33 0 ] [ 20 0 ] [ 32 0 ] [ 14 0 ] [ 33 0 ] 
000260112 [ 12 0 ] [ 13 0 ] [ 25 0 ] [ 23 0 ] [ 19 -0.5978528 ] [ 23 0 ] [ 20 0 ] [ 38 0 ] [ 6 0 ] [ 22 0 ] [ 31 0 ] [ 33 0 ] [ 36 0 ] [ 24 0 ] [ 39 -1.459281 ] [ 36 0 ] [ 40 0 ] [ 19 -0.4927475 ] [ 22 0 ] [ 30 -0.6870682 ] [ 35 -10.47687 ] [ 24 0 ] 
000260115 [ 12 0 ] [ 13 -0.1588993 ] [ 25 0 ] [ 33 0 ] [ 19 -3.305247 ] [ 24 0 ] [ 38 0 ] [ 6 0 ] [ 22 0 ] [ 31 0 ] [ 33 0 ] [ 36 0 ] [ 12 0 ] [ 13 0 ] [ 24 0 ] [ 29 0 ] [ 3 0 ] [ 30 0 ] [ 22 0 ] 
000260121 [ 12 0 ] [ 13 0 ] [ 25 0 ] [ 24 0 ] [ 4 -0.4303688 ] [ 25 0 ] [ 11 0 ] [ 20 0 ] [ 38 0 ] [ 6 0 ] [ 22 0 ] [ 31 0 ] [ 33 0 ] [ 36 0 ] [ 30 0 ] [ 13 0 ] [ 31 0 ] [ 33 0 ] [ 30 -1.089318 ] [ 35 -8.890206 ] [ 24 0 ] 
000260126 [ 11 0 ] [ 35 -5.485154 ] [ 39 0 ] [ 36 0 ] [ 38 -1.884387 ] [ 3 0 ] [ 25 0 ] [ 33 -2.148475 ] [ 12 0 ] [ 5 0 ] [ 29 0 ] [ 20 0 ] 
000260133 [ 4 0 ] [ 25 -1.208094 ] [ 11 0 ] [ 19 -4.465473 ] [ 17 0 ] [ 5 -4.410432 ] [ 33 -3.829769 ] [ 12 -3.126489 ] [ 5 0 ] [ 24 0 ] [ 5 -0.4294298 ] [ 32 0 ] [ 30 0 ] [ 35 -6.500011 ] [ 24 0 ] 
000260166 [ 25 0 ] [ 7 0 ] [ 16 0 ] [ 6 0 ] [ 30 0 ] [ 12 -3.513026 ] [ 5 0 ] [ 29 0 ] [ 3 0 ] [ 30 0 ] [ 33 -1.59476 ] [ 20 0 ] 
000360013 [ 19 -0.2015917 ] [ 33 -5.902895 ] [ 31 -1.193318 ] [ 21 0 ] [ 5 0 ] [ 31 0 ] [ 33 -2.112406 ] [ 31 0 ] [ 27 0 ] [ 18 0 ] [ 3 0 ] [ 30 0 ] [ 11 0 ] [ 33 0 ] [ 36 0 ] [ 29 0 ] [ 19 0 ] [ 22 0 ] [ 10 0 ] [ 14 0 ] 
000360034 [ 38 0 ] [ 20 -3.470514 ] [ 31 0 ] [ 29 -0.004497886 ] [ 20 -2.081023 ] [ 22 0 ] [ 7 -1.364393 ] [ 33 -0.711507 ] [ 38 0 ] [ 13 -4.85145 ] [ 25 -1.374454 ] [ 38 0 ] [ 20 -3.366643 ] [ 16 0 ] [ 20 0 ] [ 23 0 ] [ 38 0 ] [ 20 -2.918542 ] [ 32 0 ] [ 35 -1.562397 ] [ 11 -2.436577 ] [ 31 -1.313725 ] [ 29 -2.354654 ] [ 20 0 ] [ 22 0 ] [ 7 -1.721129 ] [ 33 0 ] 
000360036 [ 8 0 ] [ 22 0 ] [ 35 0 ] [ 11 0 ] [ 11 0 ] [ 35 -3.647758 ] [ 38 0 ] [ 19 -3.597165 ] [ 12 -6.494439 ] [ 5 0 ] [ 9 0 ] [ 30 0 ] [ 15 0 ] [ 22 0 ] 
000360132 [ 19 0 ] [ 33 -2.430413 ] [ 19 0 ] [ 40 0 ] [ 6 0 ] [ 23 0 ] [ 38 0 ] [ 15 0 ] [ 40 0 ] [ 31 0 ] [ 27 0 ] [ 25 0 ] [ 8 0 ] [ 31 -2.894066 ] [ 33 0 ] [ 36 0 ] [ 31 0 ] [ 20 0 ] [ 39 -0.06522346 ] [ 36 0 ] 
000360133 [ 5 0 ] [ 25 -1.123678 ] [ 16 0 ] [ 6 0 ] [ 10 -0.01400042 ] [ 5 0 ] [ 25 0 ] [ 5 0 ] [ 33 0 ] [ 23 0 ] [ 20 0 ] [ 25 0 ] [ 27 0 ] [ 38 0 ] [ 5 -3.881314 ] [ 25 -4.848888 ] [ 19 -0.02842903 ] [ 40 0 ] [ 5 0 ] [ 23 0 ] [ 7 0 ] [ 33 0 ] [ 36 0 ] [ 31 0 ] [ 15 0 ] 
000360161 [ 6 -2.406775 ] [ 23 -5.668369 ] [ 24 0 ] [ 27 0 ] [ 31 0 ] [ 33 0 ] [ 33 0 ] [ 8 -1.090781 ] [ 24 0 ] [ 16 0 ] [ 6 0 ] [ 5 -3.724023 ] [ 18 0 ] [ 13 -0.1226926 ] [ 30 -3.439634 ] [ 22 0 ] [ 5 -0.639189 ] [ 33 0 ] 
000360190 [ 31 0 ] [ 27 0 ] [ 39 0 ] [ 36 0 ] [ 38 0 ] [ 3 -0.257395 ] [ 25 0 ] [ 33 0 ] [ 33 -0.03812039 ] [ 36 0 ] [ 9 0 ] [ 20 0 ] [ 24 0 ] [ 6 0 ] [ 29 0 ] [ 30 0 ] [ 5 0 ] [ 11 0 ] [ 5 -3.417376 ] [ 22 -0.2868888 ] [ 33 0 ] [ 19 -0.1791062 ] [ 37 -3.686332 ] 
000360210 [ 31 0 ] [ 33 0 ] [ 3 0 ] [ 30 0 ] [ 33 -1.145679 ] [ 19 0 ] [ 26 0 ] [ 22 -2.394188 ] [ 4 0 ] [ 25 0 ] [ 25 0 ] [ 5 -3.340009 ] [ 33 0 ] [ 9 0 ] [ 20 0 ] [ 9 0 ] [ 13 -3.180942 ] [ 33 0 ] [ 14 0 ] [ 12 0 ] [ 4 0 ] [ 25 0 ] [ 12 0 ] [ 19 0 ] [ 31 0 ] 
000360223 [ 8 -2.560072 ] [ 22 0 ] [ 20 0 ] [ 29 0 ] [ 19 -0.6745228 ] [ 33 0 ] [ 33 0 ] [ 36 0 ] [ 9 0 ] [ 20 0 ] [ 5 -0.7353379 ] [ 24 -7.04887 ] [ 39 -4.653634 ] [ 36 0 ] [ 40 -11.79809 ] [ 11 0 ] [ 9 0 ] [ 8 -3.079942 ] [ 12 0 ] [ 5 0 ] [ 31 0 ] [ 33 0 ] [ 39 -4.821156 ] [ 36 0 ] [ 29 0 ] [ 19 0 ] [ 11 0 ] [ 5 -0.04283822 ] [ 33 0 ] [ 20 0 ] 
000360241 [ 3 -3.637872 ] [ 16 0 ] [ 33 0 ] [ 5 -1.720014 ] [ 12 0 ] [ 4 0 ] [ 33 -0.1298025 ] [ 8 0 ] [ 9 0 ] [ 20 0 ] [ 30 0 ] [ 13 0 ] [ 11 0 ] [ 20 0 ] [ 33 0 ] [ 36 -0.5641713 ] [ 17 0 ] [ 27 0 ] 
000360264 [ 8 0 ] [ 34 -6.169644 ] [ 4 0 ] [ 26 0 ] [ 22 0 ] [ 39 0 ] [ 36 0 ] [ 16 0 ] [ 6 0 ] [ 39 0 ] [ 6 -3.021873 ] [ 31 0 ] [ 19 0 ] [ 24 0 ] [ 29 -0.8135486 ] [ 5 -3.854362 ] [ 34 -5.818311 ] [ 20 -3.01009 ] [ 9 0 ] [ 19 0 ] [ 22 0 ] [ 5 -3.74186 ] [ 40 -0.884083 ] [ 19 0 ] [ 33 0 ] [ 22 0 ] [ 7 -1.24098 ] [ 25 0 ] [ 33 -0.8975745 ] [ 31 0 ] 
000360283 [ 5 -2.686202 ] [ 16 0 ] [ 12 -5.838425 ] [ 5 0 ] [ 10 0 ] [ 15 -4.147066 ] [ 25 0 ] [ 8 0 ] [ 9 0 ] [ 13 -6.87157 ] [ 33 0 ] 
000360313 [ 18 0 ] [ 20 -3.665389 ] [ 25 0 ] [ 5 -5.85051 ] [ 11 0 ] [ 19 0 ] [ 11 0 ] [ 18 0 ] [ 19 0 ] [ 40 0 ] [ 18 0 ] [ 13 -2.409029 ] [ 11 0 ] [ 4 -1.67613 ] [ 25 0 ] [ 11 0 ] [ 31 0 ] [ 24 0 ] [ 8 -5.431726 ] [ 23 0 ] [ 11 -0.5199816 ] 
000360314 [ 9 0 ] [ 5 0 ] [ 33 0 ] [ 33 0 ] [ 13 0 ] [ 23 0 ] [ 24 0 ] [ 20 0 ] [ 12 0 ] [ 5 0 ] [ 33 0 ] [ 30 0 ] [ 36 -4.042106 ] [ 34 -5.800704 ] 
000360332 [ 12 -7.637089 ] [ 5 -3.13913 ] [ 16 0 ] [ 14 0 ] [ 31 0 ] [ 33 0 ] [ 22 0 ] [ 38 0 ] [ 13 0 ] [ 31 0 ] [ 10 -3.011943 ] [ 5 -1.727088 ] [ 25 -4.191927 ] [ 38 0 ] [ 5 -0.8567069 ] [ 40 -0.9291755 ] [ 4 0 ] [ 25 -5.700718 ] [ 5 -1.688087 ] [ 9 0 ] [ 37 -7.429489 ] [ 19 -7.6292 ] [ 5 -4.744332 ] [ 31 0 ] [ 38 0 ] [ 5 0 ] [ 25 0 ] 
000360334 [ 12 0 ] [ 5 0 ] [ 32 0 ] [ 5 -0.4420857 ] [ 22 0 ] [ 38 0 ] [ 5 0 ] [ 40 0 ] [ 33 0 ] [ 36 0 ] [ 24 0 ] [ 5 0 ] [ 10 -1.77492 ] [ 16 0 ] [ 6 0 ] [ 18 0 ] [ 19 -2.713716 ] [ 24 0 ] 
000360339 [ 18 0 ] [ 20 -2.2708 ] [ 25 0 ] [ 27 0 ] [ 40 -1.668492 ] [ 18 0 ] [ 20 -2.40559 ] [ 40 0 ] [ 5 0 ] [ 9 0 ] [ 7 0 ] [ 33 0 ] [ 33 0 ] [ 36 0 ] [ 17 -0.3817486 ] [ 13 -2.173801 ] [ 33 -1.342027 ] [ 19 -1.701477 ] [ 25 0 ] [ 33 0 ] [ 36 0 ] [ 16 0 ] [ 8 0 ] [ 33 0 ] 
000360343 [ 18 0 ] [ 20 -4.881672 ] [ 38 0 ] [ 5 -1.829532 ] [ 40 -2.342869 ] [ 6 0 ] [ 23 0 ] [ 38 0 ] [ 15 -4.60676 ] [ 40 0 ] [ 30 0 ] [ 13 -0.3678881 ] [ 11 0 ] [ 20 0 ] [ 33 0 ] [ 36 0 ] [ 11 0 ] [ 35 -7.36723 ] [ 13 -3.078349 ] [ 25 0 ] [ 20 0 ] [ 34 -5.696398 ] [ 19 0 ] [ 26 -1.322876 ] [ 38 0 ] [ 5 0 ] [ 33 0 ] [ 13 0 ] [ 37 -5.090328 ] [ 14 0 ] 
000360360 [ 12 0 ] [ 5 0 ] [ 23 0 ] [ 5 -2.886133 ] [ 26 0 ] [ 4 0 ] [ 25 0 ] [ 11 0 ] [ 12 0 ] [ 5 0 ] [ 32 0 ] [ 6 0 ] [ 33 -1.538336 ] [ 5 -0.3457205 ] [ 37 -2.914415 ] [ 19 -1.66278 ] [ 33 0 ] [ 19 0 ] [ 40 -2.333708 ] [ 12 0 ] [ 19 -1.31283 ] [ 31 0 ] 
000360378 [ 39 0 ] [ 36 0 ] [ 38 0 ] [ 5 0 ] [ 25 0 ] [ 33 0 ] [ 33 0 ] [ 36 0 ] [ 9 0 ] [ 20 0 ] [ 23 0 ] [ 5 0 ] [ 37 0 ] 
