000750005 0075
000750015 0075
000750020 0075
000750024 0075
000750026 0075
000750029 0075
000750045 0075
000750068 0075
000750080 0075
000750082 0075
000750085 0075
000750091 0075
000750101 0075
000750106 0075
000750108 0075
000750123 0075
000750128 0075
000750134 0075
000750140 0075
000750149 0075
001030008 0103
001030013 0103
001030032 0103
001030048 0103
001030053 0103
001030054 0103
001030060 0103
001030061 0103
001030065 0103
001030077 0103
001030078 0103
001030090 0103
001030099 0103
001030102 0103
001030103 0103
001030121 0103
001030136 0103
001030143 0103
001030144 0103
001030155 0103
001040022 0104
001040026 0104
001040038 0104
001040050 0104
001040062 0104
001040067 0104
001040069 0104
001040071 0104
001040073 0104
001040100 0104
001040104 0104
001040106 0104
001040108 0104
001040115 0104
001040120 0104
001040122 0104
001040134 0104
001040136 0104
001040149 0104
001040173 0104
001310020 0131
001310022 0131
001310023 0131
001310061 0131
001310062 0131
001310076 0131
001310078 0131
001310081 0131
001310096 0131
001310122 0131
001310123 0131
001310129 0131
001310144 0131
001310148 0131
001310152 0131
001310154 0131
001310155 0131
001310162 0131
001310165 0131
001310168 0131
001350002 0135
001350091 0135
001350119 0135
001350124 0135
001350134 0135
001350163 0135
001350174 0135
001350180 0135
001350194 0135
001350216 0135
001350219 0135
001350243 0135
001350285 0135
001350312 0135
001350317 0135
001350318 0135
001350343 0135
001350350 0135
001350356 0135
001350375 0135
