000750005 248 
000750015 312 
000750020 377 
000750024 297 
000750026 325 
000750029 304 
000750045 259 
000750068 314 
000750080 261 
000750082 276 
000750085 271 
000750091 333 
000750101 239 
000750106 311 
000750108 244 
000750123 291 
000750128 294 
000750134 282 
000750140 288 
000750149 439 
001030008 327 
001030013 285 
001030032 369 
001030048 270 
001030053 271 
001030054 253 
001030060 379 
001030061 282 
001030065 309 
001030077 384 
001030078 421 
001030090 258 
001030099 327 
001030102 303 
001030103 318 
001030121 319 
001030136 296 
001030143 308 
001030144 342 
001030155 240 
001040022 326 
001040026 323 
001040038 420 
001040050 436 
001040062 319 
001040067 498 
001040069 374 
001040071 313 
001040073 407 
001040100 386 
001040104 277 
001040106 385 
001040108 368 
001040115 411 
001040120 387 
001040122 422 
001040134 321 
001040136 394 
001040149 714 
001040173 349 
001310020 383 
001310022 393 
001310023 349 
001310061 404 
001310062 318 
001310076 515 
001310078 471 
001310081 303 
001310096 355 
001310122 496 
001310123 464 
001310129 346 
001310144 223 
001310148 203 
001310152 338 
001310154 341 
001310155 207 
001310162 238 
001310165 311 
001310168 255 
001350002 295 
001350091 476 
001350119 337 
001350124 446 
001350134 229 
001350163 288 
001350174 330 
001350180 453 
001350194 399 
001350216 278 
001350219 336 
001350243 267 
001350285 309 
001350312 307 
001350317 379 
001350318 396 
001350343 326 
001350350 315 
001350356 323 
001350375 315 
