000750005 2.5 
000750015 3.14 
000750020 3.791 
000750024 2.993 
000750026 3.269 
000750029 3.059 
000750045 2.611 
000750068 3.157 
000750080 2.63 
000750082 2.78 
000750085 2.733 
000750091 3.351 
000750101 2.405 
000750106 3.13 
000750108 2.459 
000750123 2.927 
000750128 2.955 
000750134 2.837 
000750140 2.902 
000750149 4.413 
001030008 3.285 
001030013 2.868 
001030032 3.708 
001030048 2.715 
001030053 2.73 
001030054 2.545 
001030060 3.806 
001030061 2.841 
001030065 3.109 
001030077 3.86 
001030078 4.233 
001030090 2.6 
001030099 3.292 
001030102 3.052 
001030103 3.2 
001030121 3.206 
001030136 2.98 
001030143 3.1 
001030144 3.44 
001030155 2.42 
001040022 3.28 
001040026 3.247 
001040038 4.219 
001040050 4.38 
001040062 3.21 
001040067 5 
001040069 3.76 
001040071 3.147 
001040073 4.09 
001040100 3.88 
001040104 2.79 
001040106 3.868 
001040108 3.7 
001040115 4.131 
001040120 3.893 
001040122 4.242 
001040134 3.226 
001040136 3.96 
001040149 7.159 
001040173 3.512 
001310020 3.849 
001310022 3.952 
001310023 3.508 
001310061 4.056 
001310062 3.199 
001310076 5.169 
001310078 4.726 
001310081 3.05 
001310096 3.565 
001310122 4.981 
001310123 4.655 
001310129 3.482 
001310144 2.252 
001310148 2.048 
001310152 3.396 
001310154 3.429 
001310155 2.091 
001310162 2.404 
001310165 3.134 
001310168 2.57 
001350002 2.973 
001350091 4.78 
001350119 3.39 
001350124 4.482 
001350134 2.31 
001350163 2.9 
001350174 3.32 
001350180 4.551 
001350194 4.009 
001350216 2.798 
001350219 3.38 
001350243 2.693 
001350285 3.11 
001350312 3.09 
001350317 3.809 
001350318 3.98 
001350343 3.276 
001350350 3.173 
001350356 3.25 
001350375 3.17 
