021290009 361 
021290011 336 
021290068 387 
021290121 300 
021290134 266 
021290144 369 
021290148 287 
021290160 369 
021290169 283 
021290173 255 
021290200 330 
021290209 335 
021290235 386 
021290261 298 
021290282 355 
021290291 287 
021290319 303 
021290324 307 
021290326 284 
021290371 314 
021680007 317 
021680016 380 
021680048 451 
021680052 408 
021680122 308 
021680154 347 
021680169 299 
021680190 534 
021680237 384 
021680246 326 
021680249 369 
021680251 342 
021680266 318 
021680288 455 
021680297 320 
021680318 385 
021680332 303 
021680369 321 
021680379 379 
021680380 480 
021700029 359 
021700034 422 
021700062 389 
021700077 310 
021700120 378 
021700131 279 
021700139 330 
021700153 530 
021700176 260 
021700211 310 
021700224 309 
021700232 447 
021700236 478 
021700240 380 
021700277 359 
021700287 244 
021700291 299 
021700300 303 
021700362 332 
021700379 357 
021790008 295 
021790025 294 
021790030 288 
021790035 309 
021790039 313 
021790040 316 
021790043 279 
021790055 445 
021790075 251 
021790081 394 
021790083 267 
021790084 428 
021790108 384 
021790112 195 
021790125 290 
021790149 245 
021790152 274 
021790168 468 
021790169 289 
021790173 352 
022080028 372 
022080038 401 
022080085 413 
022080100 273 
022080116 312 
022080124 371 
022080146 318 
022080179 345 
022080181 274 
022080186 276 
022080187 288 
022080189 232 
022080192 282 
022080202 239 
022080204 246 
022080210 355 
022080294 238 
022080299 431 
022080340 409 
022080341 294 
