021290009 3.63 
021290011 3.377 
021290068 3.89 
021290121 3.024 
021290134 2.682 
021290144 3.705 
021290148 2.89 
021290160 3.705 
021290169 2.853 
021290173 2.574 
021290200 3.316 
021290209 3.37 
021290235 3.88 
021290261 3.004 
021290282 3.566 
021290291 2.89 
021290319 3.049 
021290324 3.09 
021290326 2.86 
021290371 3.161 
021680007 3.186 
021680016 3.823 
021680048 4.525 
021680052 4.103 
021680122 3.103 
021680154 3.486 
021680169 3.012 
021680190 5.36 
021680237 3.864 
021680246 3.275 
021680249 3.711 
021680251 3.438 
021680266 3.204 
021680288 4.57 
021680297 3.222 
021680318 3.874 
021680332 3.047 
021680369 3.228 
021680379 3.812 
021680380 4.817 
021700029 3.606 
021700034 4.242 
021700062 3.913 
021700077 3.12 
021700120 3.8 
021700131 2.812 
021700139 3.323 
021700153 5.319 
021700176 2.624 
021700211 3.123 
021700224 3.106 
021700232 4.49 
021700236 4.799 
021700240 3.822 
021700277 3.612 
021700287 2.456 
021700291 3.013 
021700300 3.047 
021700362 3.339 
021700379 3.591 
021790008 2.965 
021790025 2.96 
021790030 2.9 
021790035 3.11 
021790039 3.15 
021790040 3.18 
021790043 2.807 
021790055 4.472 
021790075 2.53 
021790081 3.96 
021790083 2.687 
021790084 4.298 
021790108 3.86 
021790112 1.968 
021790125 2.92 
021790149 2.466 
021790152 2.759 
021790168 4.7 
021790169 2.91 
021790173 3.535 
022080028 3.743 
022080038 4.034 
022080085 4.149 
022080100 2.748 
022080116 3.143 
022080124 3.732 
022080146 3.201 
022080179 3.471 
022080181 2.761 
022080186 2.776 
022080187 2.899 
022080189 2.338 
022080192 2.843 
022080202 2.406 
022080204 2.482 
022080210 3.567 
022080294 2.396 
022080299 4.327 
022080340 4.112 
022080341 2.957 
