021290009 2129
021290011 2129
021290068 2129
021290121 2129
021290134 2129
021290144 2129
021290148 2129
021290160 2129
021290169 2129
021290173 2129
021290200 2129
021290209 2129
021290235 2129
021290261 2129
021290282 2129
021290291 2129
021290319 2129
021290324 2129
021290326 2129
021290371 2129
021680007 2168
021680016 2168
021680048 2168
021680052 2168
021680122 2168
021680154 2168
021680169 2168
021680190 2168
021680237 2168
021680246 2168
021680249 2168
021680251 2168
021680266 2168
021680288 2168
021680297 2168
021680318 2168
021680332 2168
021680369 2168
021680379 2168
021680380 2168
021700029 2170
021700034 2170
021700062 2170
021700077 2170
021700120 2170
021700131 2170
021700139 2170
021700153 2170
021700176 2170
021700211 2170
021700224 2170
021700232 2170
021700236 2170
021700240 2170
021700277 2170
021700287 2170
021700291 2170
021700300 2170
021700362 2170
021700379 2170
021790008 2179
021790025 2179
021790030 2179
021790035 2179
021790039 2179
021790040 2179
021790043 2179
021790055 2179
021790075 2179
021790081 2179
021790083 2179
021790084 2179
021790108 2179
021790112 2179
021790125 2179
021790149 2179
021790152 2179
021790168 2179
021790169 2179
021790173 2179
022080028 2208
022080038 2208
022080085 2208
022080100 2208
022080116 2208
022080124 2208
022080146 2208
022080179 2208
022080181 2208
022080186 2208
022080187 2208
022080189 2208
022080192 2208
022080202 2208
022080204 2208
022080210 2208
022080294 2208
022080299 2208
022080340 2208
022080341 2208
