054080004 373 
054080008 269 
054080011 285 
054080019 323 
054080021 371 
054080033 278 
054080035 388 
054080042 391 
054080065 320 
054080081 448 
054080109 393 
054080123 253 
054080138 343 
054080150 332 
054080151 349 
054080154 382 
054080163 355 
054080165 342 
054080167 358 
054080174 382 
054140003 239 
054140010 434 
054140015 224 
054140019 272 
054140021 321 
054140039 231 
054140051 346 
054140057 244 
054140077 485 
054140098 297 
054140104 254 
054140106 254 
054140113 253 
054140115 265 
054140118 343 
054140119 230 
054140122 483 
054140127 379 
054140154 298 
054140158 340 
054180014 215 
054180015 235 
054180021 308 
054180022 313 
054180029 265 
054180033 332 
054180059 205 
054180063 237 
054180075 208 
054180076 280 
054180077 214 
054180079 203 
054180087 352 
054180091 258 
054180096 221 
054180111 257 
054180123 269 
054180126 272 
054180130 466 
054180174 360 
054240002 454 
054240025 281 
054240038 311 
054240039 282 
054240048 327 
054240053 362 
054240079 247 
054240091 228 
054240093 247 
054240094 223 
054240097 395 
054240099 509 
054240109 239 
054240115 379 
054240116 276 
054240117 285 
054240125 249 
054240126 407 
054240138 327 
054240152 416 
055510024 294 
055510029 257 
055510046 446 
055510061 382 
055510067 306 
055510070 410 
055510078 256 
055510079 641 
055510084 287 
055510088 365 
055510093 344 
055510096 289 
055510100 314 
055510110 322 
055510122 454 
055510130 389 
055510143 597 
055510156 312 
055510164 451 
055510165 284 
