054080004 3.745 
054080008 2.71 
054080011 2.87 
054080019 3.25 
054080021 3.728 
054080033 2.8 
054080035 3.9 
054080042 3.93 
054080065 3.22 
054080081 4.498 
054080109 3.948 
054080123 2.55 
054080138 3.454 
054080150 3.34 
054080151 3.513 
054080154 3.84 
054080163 3.57 
054080165 3.44 
054080167 3.6 
054080174 3.84 
054140003 2.408 
054140010 4.36 
054140015 2.261 
054140019 2.74 
054140021 3.23 
054140039 2.33 
054140051 3.48 
054140057 2.464 
054140077 4.87 
054140098 2.99 
054140104 2.56 
054140106 2.56 
054140113 2.55 
054140115 2.67 
054140118 3.45 
054140119 2.32 
054140122 4.85 
054140127 3.81 
054140154 2.999 
054140158 3.422 
054180014 2.168 
054180015 2.37 
054180021 3.1 
054180022 3.146 
054180029 2.671 
054180033 3.34 
054180059 2.072 
054180063 2.386 
054180075 2.102 
054180076 2.82 
054180077 2.157 
054180079 2.05 
054180087 3.54 
054180091 2.596 
054180096 2.231 
054180111 2.59 
054180123 2.71 
054180126 2.735 
054180130 4.679 
054180174 3.618 
054240002 4.556 
054240025 2.83 
054240038 3.131 
054240039 2.839 
054240048 3.29 
054240053 3.64 
054240079 2.494 
054240091 2.303 
054240093 2.492 
054240094 2.248 
054240097 3.97 
054240099 5.111 
054240109 2.405 
054240115 3.806 
054240116 2.78 
054240117 2.873 
054240125 2.51 
054240126 4.09 
054240138 3.29 
054240152 4.177 
055510024 2.96 
055510029 2.59 
055510046 4.484 
055510061 3.844 
055510067 3.08 
055510070 4.115 
055510078 2.58 
055510079 6.429 
055510084 2.89 
055510088 3.67 
055510093 3.46 
055510096 2.911 
055510100 3.158 
055510110 3.24 
055510122 4.562 
055510130 3.91 
055510143 5.99 
055510156 3.141 
055510164 4.53 
055510165 2.86 
