054080004 5408
054080008 5408
054080011 5408
054080019 5408
054080021 5408
054080033 5408
054080035 5408
054080042 5408
054080065 5408
054080081 5408
054080109 5408
054080123 5408
054080138 5408
054080150 5408
054080151 5408
054080154 5408
054080163 5408
054080165 5408
054080167 5408
054080174 5408
054140003 5414
054140010 5414
054140015 5414
054140019 5414
054140021 5414
054140039 5414
054140051 5414
054140057 5414
054140077 5414
054140098 5414
054140104 5414
054140106 5414
054140113 5414
054140115 5414
054140118 5414
054140119 5414
054140122 5414
054140127 5414
054140154 5414
054140158 5414
054180014 5418
054180015 5418
054180021 5418
054180022 5418
054180029 5418
054180033 5418
054180059 5418
054180063 5418
054180075 5418
054180076 5418
054180077 5418
054180079 5418
054180087 5418
054180091 5418
054180096 5418
054180111 5418
054180123 5418
054180126 5418
054180130 5418
054180174 5418
054240002 5424
054240025 5424
054240038 5424
054240039 5424
054240048 5424
054240053 5424
054240079 5424
054240091 5424
054240093 5424
054240094 5424
054240097 5424
054240099 5424
054240109 5424
054240115 5424
054240116 5424
054240117 5424
054240125 5424
054240126 5424
054240138 5424
054240152 5424
055510024 5551
055510029 5551
055510046 5551
055510061 5551
055510067 5551
055510070 5551
055510078 5551
055510079 5551
055510084 5551
055510088 5551
055510093 5551
055510096 5551
055510100 5551
055510110 5551
055510122 5551
055510130 5551
055510143 5551
055510156 5551
055510164 5551
055510165 5551
