010920012 1092
010920024 1092
010920025 1092
010920030 1092
010920032 1092
010920033 1092
010920043 1092
010920044 1092
010920065 1092
010920070 1092
010920075 1092
010920101 1092
010920105 1092
010920125 1092
010920126 1092
010920138 1092
010920141 1092
010920153 1092
010920159 1092
010920165 1092
011970004 1197
011970006 1197
011970019 1197
011970023 1197
011970036 1197
011970042 1197
011970075 1197
011970081 1197
011970087 1197
011970088 1197
011970092 1197
011970095 1197
011970107 1197
011970132 1197
011970141 1197
011970142 1197
011970145 1197
011970165 1197
011970173 1197
011970175 1197
012030007 1203
012030010 1203
012030013 1203
012030024 1203
012030027 1203
012030031 1203
012030032 1203
012030036 1203
012030043 1203
012030044 1203
012030053 1203
012030055 1203
012030058 1203
012030072 1203
012030078 1203
012030083 1203
012030093 1203
012030097 1203
012030116 1203
012030138 1203
012600017 1260
012600072 1260
012600082 1260
012600129 1260
012600131 1260
012600177 1260
012600186 1260
012600210 1260
012600219 1260
012600224 1260
012600251 1260
012600252 1260
012600263 1260
012600281 1260
012600295 1260
012600330 1260
012600338 1260
012600345 1260
012600357 1260
012600368 1260
013090018 1309
013090027 1309
013090041 1309
013090051 1309
013090076 1309
013090105 1309
013090128 1309
013090147 1309
013090148 1309
013090160 1309
013090179 1309
013090181 1309
013090184 1309
013090185 1309
013090202 1309
013090232 1309
013090267 1309
013090287 1309
013090339 1309
013090364 1309
