010920012 375 
010920024 513 
010920025 546 
010920030 258 
010920032 260 
010920033 253 
010920043 271 
010920044 259 
010920065 431 
010920070 368 
010920075 316 
010920101 261 
010920105 446 
010920125 546 
010920126 372 
010920138 381 
010920141 475 
010920153 274 
010920159 395 
010920165 372 
011970004 473 
011970006 750 
011970019 435 
011970023 738 
011970036 311 
011970042 374 
011970075 456 
011970081 466 
011970087 559 
011970088 394 
011970092 457 
011970095 466 
011970107 819 
011970132 482 
011970141 569 
011970142 596 
011970145 731 
011970165 391 
011970173 276 
011970175 674 
012030007 300 
012030010 356 
012030013 288 
012030024 243 
012030027 345 
012030031 223 
012030032 262 
012030036 212 
012030043 288 
012030044 275 
012030053 316 
012030055 415 
012030058 294 
012030072 261 
012030078 198 
012030083 342 
012030093 254 
012030097 284 
012030116 386 
012030138 240 
012600017 603 
012600072 414 
012600082 528 
012600129 468 
012600131 435 
012600177 376 
012600186 411 
012600210 596 
012600219 364 
012600224 413 
012600251 266 
012600252 455 
012600263 363 
012600281 464 
012600295 299 
012600330 410 
012600338 296 
012600345 623 
012600357 597 
012600368 517 
013090018 286 
013090027 333 
013090041 318 
013090051 441 
013090076 296 
013090105 253 
013090128 437 
013090147 289 
013090148 233 
013090160 285 
013090179 333 
013090181 234 
013090184 231 
013090185 270 
013090202 277 
013090232 270 
013090267 339 
013090287 230 
013090339 242 
013090364 375 
