010920012 3.77 
010920024 5.15 
010920025 5.48 
010920030 2.6 
010920032 2.62 
010920033 2.55 
010920043 2.73 
010920044 2.61 
010920065 4.329 
010920070 3.7 
010920075 3.18 
010920101 2.63 
010920105 4.476 
010920125 5.48 
010920126 3.74 
010920138 3.83 
010920141 4.771 
010920153 2.76 
010920159 3.97 
010920165 3.74 
011970004 4.751 
011970006 7.517 
011970019 4.37 
011970023 7.4 
011970036 3.13 
011970042 3.76 
011970075 4.58 
011970081 4.68 
011970087 5.61 
011970088 3.96 
011970092 4.59 
011970095 4.68 
011970107 8.21 
011970132 4.84 
011970141 5.708 
011970142 5.976 
011970145 7.33 
011970165 3.933 
011970173 2.775 
011970175 6.76 
012030007 3.02 
012030010 3.584 
012030013 2.9 
012030024 2.45 
012030027 3.47 
012030031 2.25 
012030032 2.64 
012030036 2.14 
012030043 2.9 
012030044 2.77 
012030053 3.18 
012030055 4.17 
012030058 2.96 
012030072 2.63 
012030078 2 
012030083 3.435 
012030093 2.56 
012030097 2.86 
012030116 3.88 
012030138 2.423 
012600017 6.049 
012600072 4.16 
012600082 5.298 
012600129 4.7 
012600131 4.371 
012600177 3.78 
012600186 4.13 
012600210 5.978 
012600219 3.655 
012600224 4.151 
012600251 2.684 
012600252 4.571 
012600263 3.647 
012600281 4.66 
012600295 3.012 
012600330 4.124 
012600338 2.977 
012600345 6.25 
012600357 5.99 
012600368 5.193 
013090018 2.884 
013090027 3.351 
013090041 3.2 
013090051 4.43 
013090076 2.98 
013090105 2.545 
013090128 4.387 
013090147 2.906 
013090148 2.352 
013090160 2.87 
013090179 3.35 
013090181 2.36 
013090184 2.33 
013090185 2.72 
013090202 2.789 
013090232 2.72 
013090267 3.41 
013090287 2.321 
013090339 2.44 
013090364 3.77 
