007390013 4.654 
007390019 5.036 
007390062 5.459 
007390070 7.467 
007390072 3.901 
007390092 4.674 
007390119 4.681 
007390120 3.864 
007390139 4.859 
007390160 4.708 
007390195 5.859 
007390197 3.594 
007390208 6.498 
007390211 3.671 
007390220 4.825 
007390228 4.053 
007390238 4.362 
007390281 3.307 
007390294 2.923 
007390355 6.028 
008130061 3.295 
008130081 4.295 
008130091 4.822 
008130100 3.439 
008130153 2.423 
008130196 2.352 
008130222 3.316 
008130233 2.57 
008130257 2.619 
008130271 3.153 
008130281 2.878 
008130282 4.483 
008130283 3.805 
008130288 3.689 
008130301 3.045 
008130339 3.032 
008130340 3.636 
008130346 3.223 
008130356 2.638 
008130380 3.651 
009600062 3.422 
009600113 6.689 
009600118 4.66 
009600120 2.994 
009600127 4.261 
009600129 4.182 
009600133 5.941 
009600140 3.44 
009600186 3.196 
009600190 4.894 
009600205 4.571 
009600215 2.581 
009600262 3.02 
009600267 4.086 
009600270 3.865 
009600287 3.192 
009600335 5.513 
009600337 5.447 
009600338 4.208 
009600343 2.781 
010120008 3.22 
010120059 6.42 
010120071 4.03 
010120128 2.49 
010120148 3.82 
010120166 3.54 
010120180 2.22 
010120193 2.65 
010120200 2.44 
010120208 3.76 
010120212 3.17 
010120219 3.44 
010120243 4.34 
010120255 3.44 
010120265 3.23 
010120269 2.975 
010120303 3.99 
010120334 3.573 
010120335 4.45 
010120374 2.84 
010270117 2.784 
010270124 4.09 
010270131 2.47 
010270140 3.716 
010270170 2.506 
010270198 3.435 
010270226 3.02 
010270238 3.19 
010270265 3.087 
010270268 3.55 
010270294 2.65 
010270301 2.632 
010270306 4.795 
010270314 2.831 
010270349 3.78 
010270354 2.41 
010270356 4.458 
010270366 4.53 
010270368 4.08 
010270377 4.02 
