007390013 463 
007390019 502 
007390062 544 
007390070 745 
007390072 388 
007390092 465 
007390119 466 
007390120 384 
007390139 484 
007390160 469 
007390195 584 
007390197 357 
007390208 648 
007390211 365 
007390220 481 
007390228 403 
007390238 434 
007390281 329 
007390294 290 
007390355 601 
008130061 328 
008130081 428 
008130091 480 
008130100 342 
008130153 240 
008130196 233 
008130222 330 
008130233 255 
008130257 260 
008130271 313 
008130281 286 
008130282 446 
008130283 379 
008130288 367 
008130301 303 
008130339 301 
008130340 362 
008130346 320 
008130356 262 
008130380 363 
009600062 340 
009600113 667 
009600118 464 
009600120 297 
009600127 424 
009600129 416 
009600133 592 
009600140 342 
009600186 318 
009600190 487 
009600205 455 
009600215 256 
009600262 300 
009600267 407 
009600270 385 
009600287 317 
009600335 549 
009600337 543 
009600338 419 
009600343 276 
010120008 320 
010120059 640 
010120071 401 
010120128 247 
010120148 380 
010120166 352 
010120180 220 
010120193 263 
010120200 242 
010120208 374 
010120212 315 
010120219 342 
010120243 432 
010120255 342 
010120265 321 
010120269 296 
010120303 397 
010120334 355 
010120335 443 
010120374 282 
010270117 276 
010270124 407 
010270131 245 
010270140 370 
010270170 249 
010270198 342 
010270226 300 
010270238 317 
010270265 307 
010270268 353 
010270294 263 
010270301 261 
010270306 478 
010270314 281 
010270349 376 
010270354 239 
010270356 444 
010270366 451 
010270368 406 
010270377 400 
