007390013 0739
007390019 0739
007390062 0739
007390070 0739
007390072 0739
007390092 0739
007390119 0739
007390120 0739
007390139 0739
007390160 0739
007390195 0739
007390197 0739
007390208 0739
007390211 0739
007390220 0739
007390228 0739
007390238 0739
007390281 0739
007390294 0739
007390355 0739
008130061 0813
008130081 0813
008130091 0813
008130100 0813
008130153 0813
008130196 0813
008130222 0813
008130233 0813
008130257 0813
008130271 0813
008130281 0813
008130282 0813
008130283 0813
008130288 0813
008130301 0813
008130339 0813
008130340 0813
008130346 0813
008130356 0813
008130380 0813
009600062 0960
009600113 0960
009600118 0960
009600120 0960
009600127 0960
009600129 0960
009600133 0960
009600140 0960
009600186 0960
009600190 0960
009600205 0960
009600215 0960
009600262 0960
009600267 0960
009600270 0960
009600287 0960
009600335 0960
009600337 0960
009600338 0960
009600343 0960
010120008 1012
010120059 1012
010120071 1012
010120128 1012
010120148 1012
010120166 1012
010120180 1012
010120193 1012
010120200 1012
010120208 1012
010120212 1012
010120219 1012
010120243 1012
010120255 1012
010120265 1012
010120269 1012
010120303 1012
010120334 1012
010120335 1012
010120374 1012
010270117 1027
010270124 1027
010270131 1027
010270140 1027
010270170 1027
010270198 1027
010270226 1027
010270238 1027
010270265 1027
010270268 1027
010270294 1027
010270301 1027
010270306 1027
010270314 1027
010270349 1027
010270354 1027
010270356 1027
010270366 1027
010270368 1027
010270377 1027
