085850006 3.7 
085850024 2.84 
085850039 3.62 
085850042 5.13 
085850044 2.832 
085850046 2.792 
085850056 3.95 
085850075 2.69 
085850088 2.692 
085850092 3.528 
085850094 2.49 
085850101 2.33 
085850108 4.11 
085850112 2.65 
085850119 2.84 
085850120 2.4 
085850138 3.64 
085850146 2.85 
085850161 3.49 
085850170 3.11 
090340002 3.74 
090340007 3.233 
090340021 3.51 
090340032 3.93 
090340039 4.21 
090340041 3.35 
090340043 5.34 
090340054 2.89 
090340071 2.49 
090340085 2.88 
090340088 2.31 
090340090 4.25 
090340108 2.46 
090340114 4.44 
090340126 3.63 
090340131 3.06 
090340155 4.72 
090340158 2.96 
090340164 3.12 
090340168 5.55 
090700006 2.99 
090700008 3.92 
090700019 2.72 
090700042 3.8 
090700045 3.97 
090700047 2.778 
090700054 3.19 
090700055 3.92 
090700057 5.01 
090700059 3.74 
090700065 4.56 
090700081 3.327 
090700082 2.93 
090700108 3.05 
090700111 4.17 
090700117 4.192 
090700127 3.247 
090700148 3.903 
090700164 4.86 
090700172 4.59 
095560005 4.353 
095560008 4.589 
095560010 3.061 
095560017 4.205 
095560031 4.67 
095560037 4.04 
095560051 4.294 
095560054 4.07 
095560069 4.918 
095560080 3.891 
095560083 4.589 
095560108 3.67 
095560115 2.999 
095560129 3.97 
095560133 4.842 
095560150 4.498 
095560153 4.712 
095560163 3.168 
095560164 4.51 
095560170 3.739 
096000002 6.489 
096000003 7.8 
096000004 6.494 
096000005 7.388 
096000006 7.44 
096000007 9.386 
096000008 7.71 
096000009 5.816 
096000010 7.169 
096000011 5.85 
096000012 7.053 
096000013 5.629 
096000014 5.501 
096000015 8.265 
096000016 7.69 
096000017 7.991 
096000018 9.256 
096000020 7.472 
096000021 9.111 
096000022 7.079 
