085850006 368 
085850024 282 
085850039 360 
085850042 511 
085850044 281 
085850046 277 
085850056 393 
085850075 267 
085850088 267 
085850092 351 
085850094 247 
085850101 231 
085850108 409 
085850112 263 
085850119 282 
085850120 238 
085850138 362 
085850146 283 
085850161 347 
085850170 309 
090340002 372 
090340007 321 
090340021 349 
090340032 391 
090340039 419 
090340041 333 
090340043 532 
090340054 287 
090340071 247 
090340085 286 
090340088 229 
090340090 423 
090340108 244 
090340114 442 
090340126 361 
090340131 304 
090340155 470 
090340158 294 
090340164 310 
090340168 553 
090700006 297 
090700008 390 
090700019 270 
090700042 378 
090700045 395 
090700047 276 
090700054 317 
090700055 390 
090700057 499 
090700059 372 
090700065 454 
090700081 331 
090700082 291 
090700108 303 
090700111 415 
090700117 417 
090700127 323 
090700148 388 
090700164 484 
090700172 457 
095560005 433 
095560008 457 
095560010 304 
095560017 419 
095560031 465 
095560037 402 
095560051 427 
095560054 405 
095560069 490 
095560080 387 
095560083 457 
095560108 365 
095560115 298 
095560129 395 
095560133 482 
095560150 448 
095560153 469 
095560163 315 
095560164 449 
095560170 372 
096000002 647 
096000003 778 
096000004 647 
096000005 737 
096000006 742 
096000007 937 
096000008 769 
096000009 580 
096000010 715 
096000011 583 
096000012 703 
096000013 561 
096000014 548 
096000015 825 
096000016 767 
096000017 797 
096000018 924 
096000020 745 
096000021 909 
096000022 706 
