085850006 8585
085850024 8585
085850039 8585
085850042 8585
085850044 8585
085850046 8585
085850056 8585
085850075 8585
085850088 8585
085850092 8585
085850094 8585
085850101 8585
085850108 8585
085850112 8585
085850119 8585
085850120 8585
085850138 8585
085850146 8585
085850161 8585
085850170 8585
090340002 9034
090340007 9034
090340021 9034
090340032 9034
090340039 9034
090340041 9034
090340043 9034
090340054 9034
090340071 9034
090340085 9034
090340088 9034
090340090 9034
090340108 9034
090340114 9034
090340126 9034
090340131 9034
090340155 9034
090340158 9034
090340164 9034
090340168 9034
090700006 9070
090700008 9070
090700019 9070
090700042 9070
090700045 9070
090700047 9070
090700054 9070
090700055 9070
090700057 9070
090700059 9070
090700065 9070
090700081 9070
090700082 9070
090700108 9070
090700111 9070
090700117 9070
090700127 9070
090700148 9070
090700164 9070
090700172 9070
095560005 9556
095560008 9556
095560010 9556
095560017 9556
095560031 9556
095560037 9556
095560051 9556
095560054 9556
095560069 9556
095560080 9556
095560083 9556
095560108 9556
095560115 9556
095560129 9556
095560133 9556
095560150 9556
095560153 9556
095560163 9556
095560164 9556
095560170 9556
096000002 9600
096000003 9600
096000004 9600
096000005 9600
096000006 9600
096000007 9600
096000008 9600
096000009 9600
096000010 9600
096000011 9600
096000012 9600
096000013 9600
096000014 9600
096000015 9600
096000016 9600
096000017 9600
096000018 9600
096000020 9600
096000021 9600
096000022 9600
